614.25294938068
351.17159463729
186.23043064611
112.34327398243
81.060222127171
58.496068079877
46.057481118119
35.063404427528
24.050021199384
15.851010524035
18.554067061658
19.916517526746
18.618585584601
17.485112775798
18.16022762949
17.613146939522
16.01146265266
16.010476934671
16.796272863354
15.567579896894
14.810397293083
15.782533439473
16.021402318051
18.317915277773
16.083762434537
14.211494022788
15.668815627826
17.338617450736
18.063887134724
17.563089091195
17.32579853491
18.0668498343
17.822064232137
16.232499530305
17.975641373619
15.81773275825
15.949083386386
17.4510515126
17.617369724318
15.818364371282
