1108.3766277465
642.89275149967
385.23499433518
252.89725355279
175.34245751525
156.84523585319
111.9408209118
104.38635052854
102.33114392154
110.7919416227
83.568862033589
83.605242032697
102.97523997186
88.177357630656
73.259373246941
100.38583187209
102.33119423914
92.397289260194
87.508967205803
97.177182243231
110.95661868273
93.494406977256
93.780326772799
84.092632952932
94.678747912607
84.824664042302
102.90539122324
105.20870394531
106.59679597866
113.37817687224
110.69814876624
98.273647651734
93.154079638081
103.54676153275
125.86481756885
