620.68335390504
330.93149518761
203.08254427127
140.81989939542
99.020845518916
77.498727683598
75.606567811857
55.365947299218
45.950872504519
44.627200525952
45.917151292751
47.99764645744
42.014193835626
46.55560304757
46.74840895195
41.018997776358
47.168436101756
53.215014906641
42.256407392825
53.608261039234
45.707992143764
42.521087765359
52.255821253385
52.885640985201
49.391724773346
44.599921127343
54.775699561495
64.11699696339
43.985109398164
59.753398871016
49.162480653344
59.19684036598
55.03415624827
62.03762429317
62.455182533288
67.783720425923
60.925601509966
77.257269295462
68.343749190902
51.330394338662
