617.70867918301
348.94479098303
179.95743087058
111.38876699718
74.462286126584
57.397937163886
38.751176668658
32.743673027243
23.990060633012
15.765847113048
18.959886979993
21.146148930376
18.574875186318
19.529585811216
18.548995707199
15.528593616043
12.611490919969
18.091130972325
19.617630338688
17.161939917832
19.526254795093
19.42123901293
19.236372337169
19.507111765362
18.019104888934
17.783516779751
18.634728929665
20.27845197505
16.641917795576
16.931173338098
18.161819060341
18.768578075664
19.488682295609
18.342554788134
18.390593771018
17.280565569384
17.994234634324
18.02326614567
19.23195041581
17.329832470772
