===Sine Singer===
524,5720979511
288,09749007968
147,34797631003
93,987746713916
69,77544158391
52,300890046813
37,302248358562
30,224784851088
20,518767047497
21,432538985363
15,722313700476
18,796045360931
17,329910450099
17,741327074383
18,243976210992
19,203028878128
17,183663734296
19,089914613108
20,947436883904
18,129918901773
20,032073114723
18,096506125667
16,735683283693
18,697637309987
18,560948813973
17,662964095921
19,115340435042
19,210901893854
18,513562568994
18,364730753256
17,681243559433
18,129703619249
19,922603849262
17,275547147573
20,60877194032
19,731614232292
16,803353475278
19,405575495849
20,469488742659
17,479182621512
===Cheby Singer===
486.57694968876
260.74263016509
129.39356009997
88.164199964071
72.310758723487
57.845997698113
45.273960347224
36.108960631702
30.332292809405
22.100075809855
19.449114138537
19.600005571163
19.662507029383
17.500789517395
17.940714956058
19.244374139981
20.254291923415
19.46209459153
19.374010392858
18.811769177212
20.244914003525
18.168500577151
17.885928379275
18.504063176371
19.313597907543
19.118231475928
19.003411661356
19.507856284866
18.37968781958
21.118081981724
18.89162380742
18.277805829828
18.089898790528
18.787499175165
20.570813003015
18.344539728664
18.986930716388
20.046555096706
19.704303981524
18.649275393564
===Singer Cheby===
462.46381753815
234.2448068401
122.90781502041
86.779304046453
69.422770999589
57.642294822428
51.029944417095
42.037016720107
35.896761726087
32.484743420474
30.968341600559
30.478503582195
25.725516801303
24.025260207583
23.865724834128
23.069016762467
21.768808123205
22.694527279209
21.725768707917
20.241513350623
23.205657493377
21.122606085325
21.07718673825
20.388340250606
21.872067055203
21.650905351292
20.507297982371
19.978321260584
20.958617510074
18.583676334985
18.639444027779
17.109478748666
18.111979085294
19.415666893938
19.483680503217
20.408813958978
21.794857612629
21.620131302331
21.108275562599
18.336351711841
===Sinu Cheby===
,474.64511169707
,244.67328952386
,134.0675072396
,89.233551400436
,72.934035654679
,61.748675732049
,55.681427919419
,48.299412699088
,42.963106052036
,38.997809452015
,33.54394297804
,30.571932993201
,26.302198125432
,22.961766451517
,25.601062081142
,25.693247768233
,21.763660620792
,22.639974256173
,21.502634629168
,23.669745913064
,22.00156948469
