===Sine Singer===
524,5720979511
288,09749007968
147,34797631003
93,987746713916
69,77544158391
52,300890046813
37,302248358562
30,224784851088
20,518767047497
21,432538985363
15,722313700476
18,796045360931
17,329910450099
17,741327074383
18,243976210992
19,203028878128
17,183663734296
19,089914613108
20,947436883904
18,129918901773
20,032073114723
18,096506125667
16,735683283693
18,697637309987
18,560948813973
17,662964095921
19,115340435042
19,210901893854
18,513562568994
18,364730753256
17,681243559433
18,129703619249
19,922603849262
17,275547147573
20,60877194032
19,731614232292
16,803353475278
19,405575495849
20,469488742659
17,479182621512
===Cheby Singer===
486.57694968876
260.74263016509
129.39356009997
88.164199964071
72.310758723487
57.845997698113
45.273960347224
36.108960631702
30.332292809405
22.100075809855
19.449114138537
19.600005571163
19.662507029383
17.500789517395
17.940714956058
19.244374139981
20.254291923415
19.46209459153
19.374010392858
18.811769177212
20.244914003525
18.168500577151
17.885928379275
18.504063176371
19.313597907543
19.118231475928
19.003411661356
19.507856284866
18.37968781958
21.118081981724
18.89162380742
18.277805829828
18.089898790528
18.787499175165
20.570813003015
18.344539728664
18.986930716388
20.046555096706
19.704303981524
18.649275393564
===Singer Cheby===
462.46381753815
234.2448068401
122.90781502041
86.779304046453
69.422770999589
57.642294822428
51.029944417095
42.037016720107
35.896761726087
32.484743420474
30.968341600559
30.478503582195
25.725516801303
24.025260207583
23.865724834128
23.069016762467
21.768808123205
22.694527279209
21.725768707917
20.241513350623
23.205657493377
21.122606085325
21.07718673825
20.388340250606
21.872067055203
21.650905351292
20.507297982371
19.978321260584
20.958617510074
18.583676334985
18.639444027779
17.109478748666
18.111979085294
19.415666893938
19.483680503217
20.408813958978
21.794857612629
21.620131302331
21.108275562599
18.336351711841
===Sinu Cheby===
,474.64511169707
,244.67328952386
,134.0675072396
,89.233551400436
,72.934035654679
,61.748675732049
,55.681427919419
,48.299412699088
,42.963106052036
,38.997809452015
,33.54394297804
,30.571932993201
,26.302198125432
,22.961766451517
,25.601062081142
,25.693247768233
,21.763660620792
,22.639974256173
,21.502634629168
,23.669745913064
,22.00156948469
,22.511605893856
,21.693441423524
,23.83241580094
,23.887364218822
,22.505203999192
,22.434590485876
,21.775440099101
,22.934648060925
,21.949299831113
,22.413335533171
,20.670790591196
,22.229159849166
,20.021262340297
,21.683642923952
,21.887824560893
,20.319636004295
,23.373774499152
,19.445791471988
,20.251563194469
===Cheby Sinu===
17.555466890335,547.27494882192
22.458040952682,305.67728646241
26.191623926163,168.93988845203
27.839843034744,102.68159884589
27.785569906235,75.364581702988
31.801865100861,58.206899139088
34.654145002365,49.24928904645
35.368910074234,37.652987110091
37.67706489563,31.872307957907
31.855475902557,28.840962096909
34.168179988861,20.782462771477
35.311480998993,24.332359824912
35.528339147568,23.550966272375
36.947160959244,22.426094613411
35.940831899643,23.347009268893
37.613842010498,22.847832870044
37.468451976776,19.619414901527
35.759545087814,22.659000925723
34.145365953445,21.158340378079
32.960531949997,19.227734595354
35.074649810791,19.251987942452
41.530925989151,16.342363088519
53.986534833908,19.60547568735
40.573312044144,19.961120964615
52.407365083694,19.818629120414
35.989370822906,19.753118740227
37.844078063965,18.005552685096
45.53006196022,20.794563834876
56.499657154083,21.849817352396
58.739875078201,18.77506248117
38.461380958557,21.268323515338
46.729100942612,21.298853631998
39.290521144867,18.268667976083
35.085677862167,21.237494085788
44.372454166412,16.942379382149
46.94002199173,22.209669697761
54.159270048141,22.332423505415
63.905690193176,16.798702084021
41.231506824493,20.237011614068
53.557734012604,20.757065127636
====Cheby Bern=================
18.867784023285,529.08117251412
25.15998506546,288.2822288675
32.487659931183,149.36885366846
42.25034403801,93.232933860136
34.313056945801,73.608689662027
31.391559123993,55.101024323599
29.706889152527,48.497697864514
31.008077859879,38.977729387621
32.209888935089,32.56124926194
40.934827804565,27.485659599726
43.425616025925,22.236152402206
44.190065860748,22.477826715598
42.89612197876,21.488213578534
36.995254993439,21.940325070379
36.879008054733,20.619579204376
36.944206953049,18.214797940759
40.889827013016,20.030192773425
40.555490970612,19.562854262764
71.015608072281,19.867132342287
49.767449855804,19.566316588086
43.04350399971,19.259538234117
46.80663895607,18.604711246005
43.644688844681,18.533216431256
39.866404056549,18.589092194897
41.833185911179,16.451781390376
35.185246944427,16.813917274508
34.714371919632,19.46407928536
39.493564844131,17.492929740835
49.620050191879,16.459204539313
46.479260921478,20.0428011391
50.673625946045,18.434108635514
46.017599821091,16.249930792504
41.991381883621,19.231172645572
44.967752933502,18.86262302081
45.230875968933,17.438610252747
43.392541885376,17.481932219501
43.855315923691,17.926108957126
42.556135892868,17.449199715949
38.474149942398,18.667517039
40.911173820496,18.610290640284
===bern cheby =================
66.987713098526,474.06844152924
33.5650370121,237.67676135402
31.690527200699,130.37048394401
29.242486000061,87.419358994967
29.521683931351,70.419033036982
30.879666090012,58.315346586758
33.468493938446,51.518800452208
32.803092002869,44.8271521035
31.782464981079,42.846180358535
28.714085817337,38.661607001353
29.912415981293,34.903717228821
30.969986915588,32.008493539753
31.122910022736,30.596861838031
30.632342100143,26.577456029875
32.142699956894,26.5820981324
30.457535028458,23.330764092799
31.731256961823,23.850127175724
26.649947166443,23.525227571295
27.120495080948,21.18959808306
28.306644201279,23.489334851623
28.380614995956,22.465313881015
28.658442020416,23.600794672238
28.988283872604,22.689593088785
28.990449905396,23.270977284976
29.373163938522,22.651242594483
29.361517906189,21.733818941331
54.294824123383,22.67854977833
36.75882101059,23.281196362266
36.057431936264,20.287611019857
50.772973060608,22.09329521715
40.332101821899,21.98371220567
50.120400905609,21.309351431895
39.695547103882,21.776488631863
32.493052005768,22.450045670539
44.694524049759,20.036782750733
42.792640209198,19.416999860968
33.562502861023,22.620899113043
47.627243995667,20.398103144771
48.317589044571,20.656208912464
32.458584070206,21.562602701803
===circle cheby =================
21.626660823822,474.68005434298
24.758553028107,245.56739133224
26.238815069199,130.89280313171
27.823961019516,92.019168758259
27.698275089264,73.477206781294
28.709348917007,63.344797580571
28.625040054321,54.554600335119
37.289558887482,50.65467005068
46.127388000488,43.71792349367
36.881146907806,39.005818467099
32.213567018509,36.662955943821
31.246454000473,32.437443072639
32.001147985458,30.137272316975
35.750585079193,27.632643146701
48.409973144531,25.869343123412
33.887126922607,25.236684405254
30.680240869522,25.080676886593
31.311405181885,24.355209506562
29.210107088089,25.875018827017
29.045647859573,22.395583696086
29.163067817688,22.303647627347
29.262865066528,24.423366232763
29.26286816597,23.643807394928
31.898494005203,22.766237659964
31.274754047394,21.956385458203
40.410362958908,24.317594824429
33.745956897736,22.59934117835
32.097014904022,25.029461632108
32.463323831558,22.913716029892
31.898521184921,22.413563756381
35.761924982071,23.34551925283
33.125187158585,20.626338919083
35.818960189819,22.115300566919
34.693099975586,20.576918721701
33.359956979752,23.764392112944
33.387667179108,21.227150195393
35.084498167038,21.780660594382
33.30307507515,22.608331270036
33.25346493721,21.408857427213
34.202774047852,18.82135950562
===cheby circle=================
18.854594945908,551.77824923134
26.157129049301,310.59813217087
34.097929000854,171.49713073261
31.26261305809,101.6636461213
31.360366106033,77.251729822018
31.68150305748,66.394291664883
30.596452951431,53.816234525292
31.131115913391,43.759235270484
31.620075941086,34.405474533778
33.186784029007,27.110781650501
33.230825901031,23.469583466526
33.963711977005,20.989317689862
34.546347856522,22.253722121034
33.678472995758,20.921041379795
34.292956113815,19.913584512606
31.6852850914,19.920951228236
33.720445871353,18.946283969751
34.596762895584,18.823399012967
30.97939491272,18.932434917531
29.461779117584,19.516697715046
29.753719091415,17.530205275479
30.528211116791,15.184641717644
31.500356912613,18.476492904706
30.691200017929,21.80373514239
30.150783061981,20.210843914129
30.275600910187,18.78727427129
30.835881948471,19.275979633529
30.640959978104,18.334794610307
30.435410022736,18.423425243883
30.25484418869,18.801348233741
34.599900960922,18.737747139499
35.02316904068,13.689761590602
29.134969949722,17.75755083453
28.526751995087,18.916060378837
27.493163108826,18.121064441681
27.355458974838,19.195633067222
27.803116083145,18.249127523453
46.166803836823,18.776976321669
54.280062913895,18.122354569678
54.48176908493,18.161394734146
===cheby gauss=================
22.872834920883,551.69756772841
26.106624126434,295.34364185097
27.783099889755,160.09223613322
32.522364139557,96.357826376921
35.368849992752,75.938285952853
32.936532974243,63.05693573895
34.380034208298,50.926045237181
34.322299957275,43.203576845961
32.938629150391,35.18406482431
34.11234498024,22.943312314407
32.813899993896,20.409751459681
32.595059871674,20.202276467866
33.6243891716,20.878553692007
30.352422952652,22.258690755314
34.523005962372,20.039942036601
29.907983064651,18.735239763136
29.704088926315,19.100510297025
30.232233047485,19.741227548633
29.633404016495,19.057249276044
29.624448776245,19.249253119089
30.368182897568,18.325834914147
29.740108013153,20.842169000928
30.151995897293,19.042233623149
30.463365077972,17.854147411562
29.38330411911,17.623520843973
33.509617805481,15.59206136041
33.595115184784,18.10284388148
29.948066949844,19.482849831203
29.808432102203,18.149730461206
29.77713394165,18.071303532349
30.107310056686,19.430035272785
29.327028989792,17.200934891114
29.779113054276,15.931079197488
29.74317908287,18.809518385129
31.014002084732,19.159555526391
37.965548992157,17.076405828916
30.070764064789,16.652119626418
27.399708986282,19.270241848269
29.839771032333,18.986231813327
32.017811059952,18.851825248926
===gauss cheby=================
18.177925109863,476.74087099831
23.530225992203,244.58703348822
27.692086935043,128.38047204302
29.942244052887,86.558390899441
29.544410943985,72.008766495894
29.420658111572,59.647526363664
30.562496900558,53.854580964276
30.712030887604,50.71139603853
36.771860122681,43.669646073648
35.065141916275,40.895401981927
38.510535001755,36.410383192585
36.455799102783,33.326591378534
36.064149856567,31.095564040494
36.303731918335,27.674618486526
35.303293943405,25.742000595573
36.574346065521,25.958673339394
36.387325048447,24.539681633546
35.644908905029,26.313320714929
36.310527086258,24.561579770195
42.895801067352,23.706352865171
40.826392173767,23.999104377101
42.990022182465,25.124331640774
34.777189970016,22.328394047808
44.877982854843,24.299393085756
40.849672079086,21.530171448396
45.484092950821,22.859950815275
37.497191905975,22.612569172819
39.155556917191,22.38934105473
39.864413976669,20.991322447977
42.938868999481,22.240932325893
40.735620975494,21.96415105622
41.455493211746,20.928118164054
37.65161895752,22.472991531194
39.244899988174,20.155908891721
44.73863697052,19.219855126159
40.836590051651,22.281298920166
38.382438898087,22.002763483538
48.420403003693,22.014548375171
42.11798286438,22.853416132922
38.112218856812,20.77528255032
===lieb cheby=================
21.866387844086,473.11018163009
28.845147848129,242.90925709513
29.288847923279,128.8370639571
35.422096967697,87.30108296611
31.042711019516,68.017710000374
31.749873161316,61.083336691652
34.358083963394,52.587873825522
34.912191867828,47.41832204197
34.500101089478,42.517834456021
34.114516019821,34.808668509874
37.174808979034,32.025403403065
37.281961917877,31.318759038895
34.370537996292,30.271761665
36.347099065781,28.965129726062
33.561800003052,25.749359333529
34.288673877716,25.498469275728
33.05366897583,24.883520732883
30.258472204208,21.026027052144
39.454760789871,23.189404502824
34.416228055954,20.439052183478
40.620569944382,22.442478210213
42.327054023743,23.608512585654
33.971886873245,24.40198053927
29.749074935913,21.28099880207
29.208204984665,22.128637252291
29.07480597496,22.301091933172
29.715443849564,20.978409414404
29.321088075638,20.333687854589
29.268988847733,19.153903542632
29.74485707283,21.340458944912
30.247174024582,21.182287452588
32.16717505455,20.48504498849
29.592873096466,21.69320914761
29.975750923157,20.255895842349
30.58164691925,20.15698575365
38.193601846695,21.718916740569
30.951615095139,21.416826428672
32.43318605423,22.200768449269
33.109493017197,21.260339324331
31.643715143204,22.188572055175
===cheby lieb=================
22.087671041489,534.17516893575
30.564868927002,283.33837833709
40.051195859909,144.94680536171
36.738938093185,96.677689470122
40.391945123672,70.738138792453
39.281930923462,58.080549678734
35.932570934296,44.382338167486
39.783960103989,36.659622456852
33.415401935577,29.745004694652
33.133549928665,22.246282741359
32.181019067764,20.862648691493
33.807480096817,23.216734051789
34.561136960983,22.77488030049
35.311966896057,20.629985203968
32.012325048447,17.160902948431
33.543745040894,20.636437344755
31.00294303894,20.492811518247
31.023190975189,18.906212438827
31.866520166397,21.188153050281
36.202610015869,17.007468626349
36.549129009247,18.162318338968
35.410072088242,19.110745635625
33.380187988281,16.972718859954
33.424190998077,17.992198411566
34.939657926559,19.976309077798
34.79745221138,17.356622195631
32.50139093399,18.797035072751
33.322260856628,16.433421373557
31.176976919174,17.649701156901
40.284605979919,18.936621957578
36.884474039078,19.022453436104
37.739041090012,17.989209749432
33.027906894684,19.629815748503
36.662151098251,18.458051664937
32.694854021072,15.953172260252
35.694582939148,17.850497758278
34.501960992813,21.105659587819
34.490102052689,17.555988957135
40.045135974884,17.28330124389
33.917141914368,19.724559154829
===cheby log=================
19.338889837265,489.98654825206
21.012677192688,257.62349021606
22.386772871017,141.92394742207
24.050415992737,89.999705749039
25.496481180191,71.429477913261
30.51166009903,56.860942724477
37.59333896637,44.040191844329
34.284039974213,37.810223435964
39.227252006531,30.002282615458
35.379437923431,26.586534417397
32.662845134735,21.990629635348
32.120714187622,21.648135161727
34.629004001617,23.647239699618
41.936360836029,21.067430628563
35.171280145645,20.289322062705
34.424333095551,20.379272822987
39.135672092438,19.221790851614
35.348776102066,18.550272540755
30.449990034103,20.243285651543
31.7937541008,20.420461215587
31.385047912598,17.479221131119
31.398405075073,14.012729492772
39.467185020447,16.094653185031
32.658955097198,19.397795625926
31.076502799988,18.673665569204
29.971196889877,20.185892574527
29.433552026749,16.138713055494
29.801895141602,18.962412186601
31.013828039169,18.472574776349
30.20361495018,17.282548051544
29.816357135773,18.017714475435
29.308845996857,18.593763668327
36.754160881042,20.061543886418
29.042925834656,18.53424460771
33.900085926056,19.96474095722
32.097846031189,19.466273029759
39.502508163452,18.808648180041
43.112907886505,19.116921637972
33.94864988327,17.447119017525
33.697252988815,19.282668324086
===log cheby=================
17.327059984207,464.53270582873
19.516527891159,235.78012725558
22.515119075775,125.0427651838
22.917478084564,87.487126691765
27.295356988907,69.729416113685
30.097949028015,59.521328695406
28.794765949249,51.221515851332
33.132204055786,44.553739631743
35.380994796753,41.629967798288
33.00533413887,38.309216417719
27.630169868469,30.203366052841
28.834061145782,30.720036137804
29.379595994949,26.605524735011
31.023646116257,25.222805390408
33.973248958588,25.463202994819
34.227657079697,22.314074651314
33.660830974579,24.901254763088
31.949146032333,20.71571743649
29.257313966751,22.00034749356
29.63746213913,20.692359821827
28.88671708107,22.420095528892
28.62210893631,20.366295765886
29.451903104782,22.706480099728
28.937371015549,22.070765582268
30.102415084839,20.356223039033
31.421868801117,21.495288161669
39.261366128922,21.002434680673
41.485334873199,18.512139629309
34.73050403595,16.294937722197
38.350256919861,20.006959087647
31.590269804001,19.847433338673
31.773375034332,17.634114377801
32.046082019806,20.936316100979
31.19716501236,20.246506421602
36.232156991959,21.149114833734
35.720863819122,20.341812378926
34.0182929039,21.833427757693
35.918854951859,21.612985640812
37.815621852875,20.271360583343
37.285830974579,22.252983730046
===Iterative cheby=================
18.340134143829,527.02057107947
21.741113185883,273.84415242656
25.725636959076,158.80037548132
26.381078004837,104.99004301019
25.781870126724,86.475787122824
26.179209947586,70.857962401342
31.925188064575,61.175843012663
34.804025888443,52.536950240994
37.603853940964,49.77642703104
40.611976861954,43.560062924608
36.295574903488,39.54100313646
36.072366952896,33.886795418578
35.710752010345,29.227383784193
36.316251993179,31.038966601364
36.981857061386,30.900390444856
37.750888824463,26.651241220572
38.032810926437,26.5627551748
41.630984067917,27.425678359444
39.263734817505,25.795884806868
40.505092144012,27.667373202176
38.781246185303,24.516219375641
39.409400939941,21.764216169409
37.900332927704,28.016175058997
38.369735002518,27.264428657019
38.906280040741,26.136697779103
40.903396129608,26.938940868213
41.955546855927,27.605982960923
43.068391084671,24.271116764928
42.224447011948,25.248760600138
41.951611995697,26.737804128676
42.31631398201,26.037422886917
46.971848011017,26.98586910815
45.935746908188,21.708219278727
49.769543886185,25.63308045119
53.428982019424,22.243148669109
45.21321606636,24.258875695155
47.20320892334,27.695281254826
48.108896970749,24.68397514828
51.331733942032,27.330775531394
54.534439086914,26.457651978758
===cheby Iterative =================
16.076740980148,745.11749191996
22.475749969482,493.52652166044
25.696870088577,299.03392461707
32.815296173096,199.28963952146
37.287353038788,135.4616615353
35.723880052567,105.28185036079
36.736488819122,89.875276334897
36.291970968246,76.346443563821
36.919925928116,69.443633452011
36.784316062927,63.624336376486
36.812342882156,55.154736122061
37.319792032242,50.844035994242
37.388952970505,47.114454684938
37.022103071213,43.437387785147
39.444780111313,38.063345155015
37.234295129776,34.005248225262
37.163864850998,32.880436748116
38.523963928223,29.602417891798
38.459552049637,25.362480434318
37.994392871857,26.428314283581
41.496187210083,28.669522036541
39.736520051956,27.221937828849
40.293792009354,28.363738617216
42.004279851913,27.583974812526
42.387913942337,23.894441289931
43.718425989151,25.073624631274
54.85350894928,22.373342820478
47.957966804504,25.453504738415
44.312252998352,24.710272531655
45.19927406311,25.054568052154
45.26279091835,22.611858047599
44.006025791168,22.774630774467
43.763714075089,24.141792582467
46.235074996948,25.251518268884
44.975955963135,24.568101476802
46.409242868423,25.88623353212
45.565181016922,21.150082897078
47.08584690094,24.271089930743
39.190490007401,25.378127686223
38.322491884232,23.699850886324
===cheby piece =================
16.60679101944,524.254827598
20.772600889206,278.10969625328
25.003213882446,154.03718938464
27.776319980621,91.965251055514
28.83368396759,74.940763818063
29.594564914703,56.38334501604
33.570320129395,50.328740355025
31.547549009323,41.248784656119
31.488452911377,32.391582148719
34.246762037277,22.713530116434
43.354762077332,21.196392641739
30.778479099274,21.490427599077
34.02353811264,20.017197415331
35.758453845978,18.284503072366
35.042943000793,20.278966001547
33.976380825043,21.848471164391
31.288574934006,20.522996973496
30.942422151566,19.309222819445
31.634316921234,20.050555807814
34.638093948364,20.018186023821
37.603423118591,21.233218986011
30.426080942154,20.214149600948
31.234677791595,19.961310722087
29.957776069641,17.571009796146
30.777685880661,18.523045867344
30.578706026077,19.510747664975
31.490402936935,19.079650967461
30.244735002518,19.084443201327
30.246515989304,18.982600967218
28.461861848831,17.670851593471
29.016957044601,18.195926552899
27.948377847672,16.48647703568
29.773272037506,17.846421213413
30.298882007599,18.879306439186
33.354619979858,18.476967707408
37.180667877197,19.123061068861
36.071780920029,20.404417079638
43.110749959946,18.322097352894
36.825103998184,19.194928766888
31.178879976273,17.536860334892
===piece cheby =================
18.911123037338,471.46527536283
23.249654054642,240.22465073441
25.472334861755,126.65588243576
28.100425958633,85.858176335063
29.28283905983,71.494095689004
31.728674888611,60.722902401414
32.974612951279,54.126272737818
30.979635000229,47.648859136046
32.457387924194,39.49975650275
35.329331159592,39.905977761965
34.370913982391,29.482712509064
35.405483007431,31.866944542736
36.323446989059,30.070413700123
41.717562913895,26.317791511559
38.487149000168,23.774766692106
36.783047914505,21.810026863001
33.219264030457,21.659479916387
32.458364009857,24.165042072651
36.732124090195,24.182528519324
33.480022907257,22.657641340875
37.76758313179,24.950279716789
36.313938856125,21.821959540514
37.763581037521,23.796139251059
35.443766117096,23.676131590381
34.717264890671,22.28915488928
35.752651929855,24.054345132048
35.994627952576,22.600529029879
35.986591100693,20.888837075572
38.282855033875,21.450571193621
40.972067117691,20.801857038247
30.93276309967,21.47943200174
35.268591880798,21.548436927523
34.19614815712,21.005189908973
33.312285900116,21.058724025299
32.04879283905,18.503278705911
32.433329105377,22.147889780435
37.535354852676,19.855233222746
43.566087961197,22.560641513243
33.210911989212,20.855526615081
34.288921833038,23.178994460854
===tent cheby =================
17.090901136398,471.8690256817
18.955456972122,239.86937116271
20.679924964905,128.93438004085
21.577988862991,87.895361421053
21.853624105453,71.532634466401
22.357172012329,58.070837098698
23.83987903595,48.718858230276
25.911919116974,43.677868505377
27.674288034439,42.362625373387
28.062001943588,36.330494489555
29.93500995636,29.026810594055
28.473052024841,31.995507531814
30.134290933609,29.230356674267
31.431178808212,28.918435256574
29.948127985001,26.249323531735
30.639570951462,23.125596041489
30.15908908844,23.846928287784
28.071873903275,21.921665420719
29.858950138092,20.401348570718
28.757824897766,25.065588890794
29.534445047379,22.422642326663
29.833167791367,23.382231028957
32.011577129364,24.115639857504
31.847172021866,23.224540440298
31.65926194191,20.669924788398
33.247052907944,22.067006348899
38.074945926666,23.25154251998
37.236119031906,22.967758003029
49.739442110062,19.670924052783
42.074934005737,20.386887578624
42.906263113022,20.535783293532
41.097136974335,19.582461333374
42.441834926605,20.630710054778
41.078705072403,20.970385452546
44.688227891922,19.10671869552
40.620170116425,19.837241624778
39.022259950638,20.203323951612
39.520481824875,22.189000350177
39.182085990906,20.162164876867
39.637682914734,22.269561014643
===cheby tent=================
17.350722074509,531.32482686644
20.052707195282,283.21557572352
23.825992107391,147.17418679153
26.446743965149,90.44131009791
26.904898166656,76.120423586863
26.426046848297,58.609298466329
27.932399988174,48.717474919105
29.350744962692,39.524980965505
29.347570180893,34.031989383474
30.434674024582,24.112477961323
29.677981853485,23.329719418752
30.043025016785,22.278390332524
29.592094898224,19.036776322229
29.597805023193,22.238157327889
29.9468729496,19.681727300511
30.289710998535,21.396543251027
29.413541078568,19.442009061918
29.858788013458,20.879639880776
29.910238027573,19.707242084851
29.670154094696,17.903741205511
29.95911693573,19.524881194099
29.878455162048,16.814635272399
29.498556137085,16.936472211252
29.274040937424,20.126825543969
29.009437084198,19.180415921003
28.969773054123,18.126840883875
28.884593009949,19.563616933919
28.650238990784,17.94223521877
28.814229011536,16.985701166793
29.063357114792,19.253750507712
29.803109884262,19.532454601046
29.490896940231,16.172680918045
29.46102309227,19.811713280739
28.316535949707,20.948448446906
28.991533994675,20.658874255181
29.272293806076,16.878244054601
28.730586051941,19.911364126964
29.172142982483,18.185858496341
29.601371049881,19.080515501876
29.617210865021,19.52367896784
===bern tent=================
15.078883171082,622.30710694778
20.397947072983,359.1112597813
24.402232170105,175.34313902384
29.099724054337,114.72235071102
36.156909227371,76.923600725279
37.771353006363,63.198698043191
44.894659996033,38.040338419101
38.367162942886,33.200706323569
45.154778003693,25.87905351726
48.243560791016,21.100511677375
42.440652132034,21.588483251704
36.328052043915,21.479446000075
38.146271944046,19.841513138242
37.952610015869,20.900655852326
44.022629022598,16.230833911976
44.421216964722,18.48669779296
41.370184898376,17.258153136676
40.880766868591,19.577127771488
44.777857065201,19.795427810049
42.689538002014,20.171760915211
37.412135124207,18.575850408984
38.010799884796,20.076898425543
40.978677034378,19.438899210685
40.675768136978,20.374424228023
37.32382106781,21.999176643678
41.990127801895,17.91281659936
39.677274227142,18.606114874805
39.476754903793,18.390466873974
37.081741094589,20.340920755264
38.316078186035,19.141161951378
37.080093860626,18.677741333085
37.315562963486,19.965944089645
35.791821956635,20.167610588931
36.583385944366,19.331782883128
35.66951084137,17.466617946082
35.796292066574,19.605845162656
36.432770967484,19.090950332339
36.180658817291,18.422821576248
35.91354393959,17.487909557805
35.783274888992,16.187697147358
===tent bern=================
24.50164604187,618.24668027861
31.589859962463,358.8887257812
35.637531042099,180.10670347781
36.508056163788,112.83171977825
36.005671977997,71.990606348777
37.071323871613,57.361598037127
38.171664953232,44.529401028433
38.145057916641,32.926429557063
37.985985040665,27.053665704568
37.350091934204,21.989536429436
37.175727844238,20.361679239203
37.419602155685,20.433260927906
37.203933954239,18.247832901853
37.408166885376,18.522705185328
37.377195835114,16.295757547428
37.133858919144,19.675022695825
36.982709884644,15.80461092406
37.745470046997,20.194809726817
37.210294961929,18.504856061601
36.870728969574,16.687551698129
36.767898082733,19.284711725071
37.25373506546,19.016969361659
37.075819969177,16.707310668039
37.222417116165,18.267778479385
36.793375968933,17.204748128026
37.302237987518,18.777672504164
36.350939035416,15.922272339384
37.095861911774,18.427569120815
36.865381002426,20.20818610751
37.179708003998,19.216425103364
36.722528219223,19.236218643734
36.935693979263,18.790075888155
36.191784858704,19.607367783317
36.494454860687,18.412283972809
36.783279180527,19.594089790501
36.289908885956,18.584753432612
36.479163169861,19.549908825095
36.041095018387,18.803297409084
38.057774066925,19.141890199057
37.205725908279,13.825674064634
