614.25294938068
351.17159463729
186.23043064611
112.34327398243
81.060222127171
58.496068079877
46.057481118119
35.063404427528
24.050021199384
15.851010524035
18.554067061658
19.916517526746
18.618585584601
17.485112775798
18.16022762949
17.613146939522
16.01146265266
16.010476934671
16.796272863354
15.567579896894
14.810397293083
15.782533439473
16.021402318051
18.317915277773
16.083762434537
14.211494022788
15.668815627826
17.338617450736
18.063887134724
17.563089091195
17.32579853491
18.0668498343
17.822064232137
16.232499530305
17.975641373619
15.81773275825
15.949083386386
17.4510515126
17.617369724318
15.818364371282
=====0.7=====
654.16005792267
333.0619337321
170.43263002846
106.71760012125
82.0918255252
62.463443479201
47.149636966536
35.241753585077
27.801111217301
23.734525930687
20.71091944713
18.351439898515
18.199967036851
20.751099228469
19.477472176547
18.717743149025
17.540657470629
19.197849062298
19.850046619537
19.966761201312
19.778894654799
19.573832603197
18.187029870917
18.148677856698
20.557802799146
21.450810449453
19.606972734579
20.34944525487
21.656972250908
19.683563723407
21.822571131574
20.444581185451
20.287082094764
16.572696509265
19.532101042509
18.547486350592
18.650328574083
19.283526150594
19.210235726145
18.709542222769
