p=30 logistic c=0.8
10.29413318634,1185.7057780301
15.08138012886,638.92447241901
20.307792186737,266.3299153433
32.517387151718,208.28545350161
38.47510099411,114.08075032565
49.343247890472,81.917187998352
55.914144992828,53.961024050496
64.873384952545,50.41279156157
64.619215011597,40.724386829896
54.178172111511,23.084690419607
64.439828157425,20.585089411084
82.458957910538,13.221747040238
69.446907043457,5.4867072940125
98.053234100342,5.1115329057909
103.12474012375,5.1508896656061
111.29783701897,4.8079573120332
116.25260591507,4.7210385440059
124.19097876549,4.2360499570869
133.03393220901,3.3947547993742
141.24100804329,2.0865404609136
148.0223531723,1.7029642611112
161.94822907448,1.5179326695821
162.90716004372,1.4224220958272
169.79901099205,1.3507015128393
178.13739800453,1.2731949134265
183.36697506905,1.1958105301225
192.76682496071,1.163056854452
200.20504593849,1.101820493165
209.31760311127,1.0494596675498
212.69406700134,1.0277121686631
218.2808611393,0.98078986173097
243.3391149044,0.94483266462146
229.24285888672,0.90912410289796
241.84874606133,0.86923766449147
251.44091892242,0.85394587571941
258.61927914619,0.83236871265807
267.72220897675,0.79121155558535
273.70960783958,0.78041560840113
275.33568716049,0.74248066002557
278.65511894226,0.72939821312932

p=30 sine c=0.8
8.0622458457947,1186.1090210337
19.428645849228,671.5244707706
30.369412899017,268.91485339452
37.005097866058,240.19845548821
48.733803987503,180.32324588257
55.654945850372,96.092071640465
69.240933895111,82.246598033572
67.202027082443,59.170364160548
69.108385801315,43.022731972359
64.520056009293,26.107185046053
73.357789039612,19.387979997379
90.507312059402,8.8282760025309
103.58760690689,6.6038685768726
115.47712206841,3.6558500796302
122.13166809082,2.4784581174926
123.71931195259,2.0569067281534
93.506247997284,1.834209213285
140.23270201683,1.7195604550666
109.22940301895,1.6238402441083
144.49209904671,1.5014803286404
170.93664693832,1.4304513899461
179.08613705635,1.3611167860084
188.5945789814,1.3108015144622
151.39913201332,1.2377347460999
212.66808104515,1.1793295715021
195.92537879944,1.1209284781186
144.81311511993,1.0938453301587
135.36515212059,1.0578586038897
138.73571395874,0.99871375931908
145.36176514626,0.97446577591084
158.61469388008,0.94576578595054
164.24268102646,0.90464441337634
166.39490485191,0.87653061175194
171.20818805695,0.84461815664553
193.79070305824,0.82695011227167
195.01543807983,0.80480200297716
228.87529182434,0.77041243117644
230.77676796913,0.76294299350598
237.2797999382,0.7634789017486
227.57603597641,0.7724108121087

p=30 sinu c=0.8
3.602038860321,1185.637130822
7.1079750061035,512.60512718538
10.965595006943,262.69231738481
15.094573974609,132.06091816492
21.919125080109,93.943184340746
21.076044082642,71.109753413313
24.047872066498,50.752139144364
27.650121927261,31.784798761547
32.701370000839,21.110604292901
38.246167898178,11.13075857145
48.679008960724,5.0169196773871
56.763224124908,3.6165988420373
62.981945991516,2.672687895655
63.089853048325,2.2433571374875
54.609655857086,2.059484330041
54.590872049332,1.8588336841958
60.141409158707,1.7285202091603
62.454733133316,1.6326440461877
64.535310029984,1.5646744493449
65.109721183777,1.450109225086
59.589153051376,1.3852611776839
70.593245983124,1.3290900008268
74.723391056061,1.273954031792
93.571441888809,1.2321663128729
102.4071791172,1.1509583206426
92.008729934692,1.1112507326373
88.668174982071,1.0758399132368
85.316188097,1.0306480387989
97.716295003891,1.0019199288621
100.28390908241,0.96816482765205
92.743407964706,0.94192437398998
107.88189315796,0.91909109934195
118.18177485466,0.88161990835685
113.54531097412,0.85081116027503
118.30161690712,0.82509630197829
122.78193807602,0.80341045468259
104.95326018333,0.78452757764397
101.90548801422,0.75556696789429
116.02699899673,0.73508926585419
127.30730295181,0.71422596934

p=30 singer c=0.8
3.4227778911591,1185.1312759775
6.1497728824615,610.80750627203
9.4657959938049,280.90903336725
11.591845989227,166.12983022569
14.191525936127,95.701648962968
17.206228017807,70.486279742203
20.328351974487,48.233006316021
21.818144083023,34.793839620357
29.706678152084,19.900763446219
35.718206882477,12.274585982136
39.914422988892,5.6437321272428
43.513011932373,3.9251690656977
49.241667032242,2.744028546041
50.473811864853,2.3016236876744
53.320102930069,2.0395830463023
53.173024177551,1.9505182301436
60.600526094437,1.7881966500715
65.229115962982,1.6590718786175
68.035928964615,1.5806984917083
61.891669034958,1.4764956325923
66.629671096802,1.4224625658776
70.45356297493,1.3356084229687
71.964350938797,1.3050195207194
72.638520002365,1.2185183632405
71.371320962906,1.1826433876277
81.282868146896,1.1157289242762
94.534238100052,1.0802695101416
74.073887825012,1.0437610449588
76.588181972504,0.9982850962443
86.493830919266,0.97048153972306
94.209908008575,0.92621786163415
96.85428404808,0.91034768253028
85.4715051651,0.86616157548681
93.136713027954,0.84582129641704
105.05600500107,0.8203566324241
109.56081414223,0.7883527049152
111.73166203499,0.76934967826569
123.8279709816,0.75305384602396
110.83861517906,0.72161822966556
125.46858716011,0.70750088478337

p=30 bernoulli c=0.8
3.3948822021484,1185.6379271658
6.3112998008728,663.53094418193
10.045163154602,540.61897743567
13.12887096405,365.59412352144
14.288851976395,186.69793580931
16.825932979584,118.99511363975
19.158323049545,102.66547715955
22.692027807236,82.227288805436
27.143846988678,58.21998496669
32.204880952835,43.87143218776
37.04855799675,38.578121518505
40.585313081741,30.632359266123
41.464746952057,17.352066775558
53.904228925705,9.7042277810768
56.362895011902,7.88991989927
61.113439083099,5.1207601916869
83.757806062698,2.6421308726955
66.328962087631,2.0250133377249
75.375797986984,1.7453521880325
83.095479011536,1.5720386520158
87.90092086792,1.4420503723753
80.039052009583,1.3473836498169
88.932627916336,1.2729250099601
96.325036048889,1.2301225261572
89.860877990723,1.2008996735374
103.25409603119,1.1498257820425
104.12836885452,1.1214296865095
104.07384300232,1.0772351020935
97.626255989075,1.062864417455
100.33088588715,1.0262903654498
127.58478093147,0.99307348712684
123.9080619812,0.97291525768777
121.77707004547,0.95038636439178
122.499573946,0.92737016673379
135.34110498428,0.90404884179389
120.74942684174,0.89141977074078
164.0294380188,0.88371474111824
217.43885588646,0.8613213987449
179.109801054,0.83180673520522
183.60813093185,0.82073228664673

p=30 circle c=0.8
8.0619070529938,1185.8414349991
14.403949022293,1100.2168124231
21.259714126587,870.40494358535
24.929819822311,614.30973930529
27.919371128082,374.89129088322
37.344558954239,204.34345774286
39.010966062546,102.52239993639
37.192319154739,91.263357217784
28.682567119598,77.322286774805
34.085593223572,63.482192957373
37.629138946533,47.91937516607
41.556058168411,30.67198340885
44.14804816246,27.75100437845
51.141133069992,23.136550672731
59.552217960358,16.660577352021
64.065155982971,9.9560238372023
69.748011827469,4.718458319584
75.454005002975,4.3643252610925
79.536244153976,3.4452688322771
83.291563987732,2.5537053590806
87.601711988449,1.7982230853154
91.287097930908,1.4155997572039
96.005155801773,1.2968439382725
100.23078083992,1.2244656834042
105.21062111855,1.1604694454832
109.7145960331,1.0806534192352
113.50951194763,1.0433371924918
117.10075902939,0.99798402190269
122.4068570137,0.96239805626284
123.50747609138,0.91852816038305
128.62439489365,0.8724837952766
132.24957990646,0.85145833566365
135.50157904625,0.8225720257332
139.30207705498,0.80013825780464
156.20922493935,0.77481952995483
153.87985992432,0.73999073458942
151.67613005638,0.72454051136167
182.67010307312,0.70030186383059
275.60439896584,0.68428731252893
383.72007894516,0.66653767972883

p=30 piecewise c=0.8
6.7115211486816,1185.7743934771
11.462599039078,778.87305956825
16.440143108368,462.25479717869
22.339143037796,300.81256070186
28.07473897934,206.0588223083
32.765423059464,147.38645879029
36.522439002991,112.65841544763
46.259818077087,88.233236645395
46.420058012009,70.665468091782
52.077575922012,56.765830600593
56.48113489151,45.60604695364
61.852288961411,35.943714034065
66.346561908722,28.020351844123
71.919447898865,21.23238385675
80.552083969116,16.618671266057
84.315490007401,13.341133147961
87.326103925705,10.779621410312
93.322035074234,9.4364642004365
98.876369953156,9.2363648503557
83.226608037949,7.5218434991413
87.404153823853,7.1836487593011
83.862760782242,6.1003117616489
79.964824914932,5.9267690976004
89.102369070053,5.6366943650499
103.76778197289,4.4639803819416
108.25313091278,4.5128353536002
113.65668010712,4.0268364281513
118.1700861454,3.7931969663625
123.34520697594,3.6523385928193
126.18585109711,3.2339461551963
130.9219520092,3.5609280877084
133.08998417854,3.2136278477737
139.98362517357,2.7463366100412
149.01307797432,2.7691873024337
146.81868004799,2.4808953349374
154.5339140892,2.7510988154035
171.59944295883,2.6267227830373
178.01722002029,2.5088935192492
188.04940795898,2.3680018995648
227.42844891548,2.0634938437008

p=30 tent c=0.8
7.8094410896301,1185.8261244265
16.385358095169,621.51767864082
21.973396062851,254.56379335274
37.032739877701,220.61509954122
35.445379972458,184.16819716634
44.026110172272,143.45382073627
44.285330057144,102.89755044774
46.273396015167,73.550905602669
42.314345121384,48.579619039553
44.967337846756,43.887291828093
49.707445144653,37.747443496403
54.246546983719,30.106442660547
58.382173061371,21.229971978521
63.287052869797,10.672865627199
66.115530014038,5.032074971342
74.505568981171,2.661841664537
74.030162096024,1.9670475445978
78.859232902527,1.6784566759847
79.785348892212,1.5707456715884
85.449078083038,1.48161545568
87.789811134338,1.383775320723
90.21349811554,1.2819238685568
95.382363080978,1.1987731058151
100.58296012878,1.1382364427228
110.16960597038,1.0818005933164
113.30191588402,1.0437722527428
119.50201296806,0.98966019437734
120.172052145,0.95985949918802
121.66702604294,0.9342966081578
124.35826301575,0.90943807686769
129.52209401131,0.8845871692729
134.32804584503,0.84790880105405
138.00836515427,0.82162136778095
150.75099396706,0.78567455205154
152.94414901733,0.76135190561781
156.76882410049,0.73112319434399
162.01784205437,0.72592618717679
155.9429769516,0.7082979655031
173.08115196228,0.68269358227052
207.52627396584,0.65653646642167
234.02863192558,0.6423226475086
274.23188900948,0.62921855025276
225.48350596428,0.62065241162826
230.83458900452,0.59790597201429
236.01823401451,0.5888155284346
195.62658905983,0.57670229222565
222.69930291176,0.56875221513023
258.60655403137,0.55806301407277
263.44390296936,0.53960650616547
269.15907096863,0.52830615184614
229.08885812759,0.51754996227667
289.18332386017,0.50562832749126
279.83634495735,0.49235820506073
280.53594112396,0.49216543851337
294.28124499321,0.47521454559182
312.83994412422,0.47182797737985
339.77769184113,0.46307299193679
338.49892020226,0.45794034190281
390.34535813332,0.44809594393694
375.6871111393,0.44113160165687
356.36327505112,0.43014550668332
306.68424201012,0.4240036935745
316.48097610474,0.41776230478988
300.22445321083,0.40908263781332
340.76919388771,0.40470441622559
347.11071777344,0.39784731081192
330.0517270565,0.39459669125692
583.04275512695,0.38400277275104
1319.9741868973,0.37864206284085
379.06601190567,0.37482373362423
336.78155207634,0.36762845211593
378.04896092415,0.36406468478056
384.65655589104,0.35751871105564
350.78936386108,0.35750329092024
369.54987883568,0.34934688851619
385.55287098885,0.34598318274058
304.46729111671,0.3407418947966
317.68673682213,0.33460973259888
305.54703593254,0.33619671940283
313.53479886055,0.32788092369658
328.83963108063,0.32505332905011
325.76011896133,0.31937968245735
337.70909690857,0.31552872007228
324.07833003998,0.31518622216928
332.29560089111,0.30908379454082
361.89791512489,0.30422549017361
335.47084307671,0.30298967619092
349.23147702217,0.30250146189225
355.35511803627,0.29484270580342
379.8047618866,0.29220878975058
357.43825483322,0.28792342430952
353.34566402435,0.2860071017763
360.97514605522,0.28329426098547
388.69567203522,0.27789770367585
367.8162047863,0.27523530815488
381.31911206245,0.27195757828305
382.61787986755,0.2689570217322
381.56699085236,0.2657462185757
410.6651160717,0.26372676417911
395.54218697548,0.26205047517164

p=30 tent c=0.8 gen=100
3.1512072086334,1185.5783572064
5.6659600734711,622.81440664228
8.6706140041351,254.13325509919
13.03494310379,220.0258782272
15.668024778366,183.32110146802
23.804182052612,143.15955948041
24.726443052292,103.00772730261
29.584601163864,73.594782178391
32.602636098862,48.727525580051
45.502534866333,43.872735251048
36.56100487709,37.935216647525
40.962218046188,30.325385460444
48.220772981644,21.108854148753
52.595128059387,10.870093780152
51.517202138901,4.9179310661801
51.928321123123,2.7714207946478
60.714765071869,2.0413686132095
68.327419042587,1.6799723935764
73.782147884369,1.5585827343616
73.349337100983,1.4823948705735
80.382695913315,1.3822322653385
81.268450021744,1.2810971173763
70.554017066956,1.2067943492949
64.42204284668,1.1377853783998
68.417520999908,1.0821875568072
77.069869995117,1.0479955996108
80.367524147034,0.99775937110174
75.603888988495,0.95885949367867
79.533766031265,0.93726626597878
87.791467905045,0.90581256412745
93.504223108292,0.87756917137259
80.912729024887,0.85095050307805
87.328727006912,0.81493459094402
104.02434206009,0.79110451776118
107.50188398361,0.75860814322201
101.0911359787,0.736907612559
113.42786598206,0.7257523715547
96.81903386116,0.70535810095239
106.94026589394,0.68643975855394
101.78920912743,0.66406507969647
104.4095749855,0.63973786267352
116.75119304657,0.62948517835124
108.20731806755,0.62010083491839
129.0507080555,0.60300099643368
113.88125705719,0.58831429096958
133.18771195412,0.57607994019433
124.2733809948,0.56793555092217
118.05679893494,0.55143567494574
133.00255990028,0.54201556791775
128.58228802681,0.52567206672199
139.37372708321,0.51638476236218
130.84260201454,0.50760113751691
131.26333117485,0.49283536765974
149.60774207115,0.48968633276647
134.96569490433,0.47604077839474
140.34005308151,0.46737963332081
171.73329806328,0.46526406315719
182.02167105675,0.45451719855663
161.33451795578,0.44601489469819
171.30254483223,0.43895377407353
175.15959596634,0.43254920890768
195.73953604698,0.42453014269777
205.01646208763,0.4190932151121
187.70896601677,0.41232239485946
163.91315412521,0.4027460544064
185.0258409977,0.39576388280723
200.31663703918,0.39144709804666
181.9960808754,0.38323782127707
190.04965806007,0.38077757089343
186.8902130127,0.37591997955791
195.24779081345,0.36791758701041
192.34252214432,0.36258266643847
219.95325088501,0.35767962533083
193.47163796425,0.35563173388897
201.69446396828,0.35038097518475
187.9031047821,0.34607336991234
212.96197199821,0.33963151654678
210.10927605629,0.33722096249526
221.36275100708,0.33255521946873
214.95182704926,0.32729829158822
224.82146501541,0.32393259824857
224.67732000351,0.31862634953464
222.55116295815,0.31590733560314
217.41745185852,0.3132117270682
224.19567799568,0.30955421618587
222.55203914642,0.30656464082906
256.32667398453,0.30088502773395
242.18229103088,0.30202134476221
239.54584813118,0.29521933567774
244.11696505547,0.29209270762569
256.09098815918,0.28861997739683
244.72709107399,0.28281635752446
254.00772809982,0.28220984267659
269.52226305008,0.27752882415805
312.83040595055,0.27602355773216
334.66587209702,0.27164583961152
