1097.3508535211
797.32050549138
383.62502829305
222.76169623908
131.49796362741
89.9683533284
69.032705847735
48.633148664571
39.098815795926
29.597366047879
22.194517486931
18.993927182678
18.097509493048
19.105921020419
17.802655004204
19.783179253162
18.242453256716
17.414149104346
19.312708902976
17.23825586242
15.604097834389
15.620547056875
19.051163876272
18.555409110424
17.59259434478
17.198482430188
16.54288467722
15.957857732158
17.90301425494
18.33028642857
16.545650813617
16.414299494063
18.476695662665
17.038983729751
14.349520761059
17.430042444661
17.98523394364
19.23384829782
18.501291116158
18.049107853206
============

1110.1090142958
784.2599277298
396.29878238158
218.34214890627
129.99635873106
86.562846683989
64.869881616671
52.426569034077
36.992334877356
24.101150778505
23.368433768524
18.383944271658
20.077528057252
19.782168257486
19.915191476206
19.151766650316
17.277719706375
18.758613423573
17.719953662837
14.809528495021
14.703875299539
14.542846754114
16.457053341501
17.089310468735
17.466159280839
15.919640521439
18.688790240369
18.227980674014
17.73639569234
17.889230295729
18.89257221003
14.089754643467
17.955957594638
18.25257157672
18.988074844513
18.348708291095
15.958703581041
17.926250775587
16.563435272549
15.184078931496
