0;1,5830589250208;4200,923518858
1;2,131641254604;5901,9573481367
2;1,5818488840208;3913,1292292487
3;1,5304789100017;4501,1587775112
4;1,6923492820799;4069,4222651552
5;1,7557431911171;4505,0598201925
6;1,7893399093297;4851,0522269121
7;1,8178626187039;4996,5178890148
8;1,4809623727285;4298,6886641633
9;1,7359395348729;4796,1103996544
10;1,7479555941123;4757,6849456404
11;1,5274654994442;4009,1196216145
12;1,3641307990783;3590,0168470255
13;1,8155416809249;4737,9013030355
14;1,6756748792415;4571,596782436
15;1,4641711767111;3895,1511847164
16;1,5954069990818;3976,1553852264
17;1,3987315428156;3812,0961109563
18;1,4252832146884;3691,9546443137
19;1,5940298165398;4534,522404164
20;1,4897028884349;4023,1036391495
21;2,7300280051246;6519,626504435
22;1,8067214880644;4719,9320987677
23;1,6622120561739;4093,7812358152
24;1,7057540040201;4379,2520808108
25;1,8344417223223;4850,8180810071
26;1,4287187128794;3438,1230566554
27;1,3627398352746;3786,1989629781
28;1,6994226023854;4663,9343291485
29;1,6632353943079;4399,0470069642
30;1,7199474943811;4680,8242522806
31;1,7893292890863;4547,1442470667
32;1,7347826022458;4545,3704790029
33;1,3997119754807;3760,6755796943
34;1,4641559522563;3902,2724121167
35;1,6237636198429;4391,906806849
36;1,6739357584861;4428,8521342296
37;1,3538343551987;3449,6277680071
38;1,3582550062309;3755,0068726958
39;1,2524675513515;3387,8552843453
40;1,2863586519231;3095,9757442725
41;1,5936905223645;4102,8497868003
42;1,2581909649184;3668,1487958902
43;1,71994293146;4447,3061563419
44;1,3995279610447;3668,9727981919
45;2,6102198759733;5646,6074004176
46;1,533003533953;4262,4533352655
47;1,8419588464737;4813,5034463168
48;1,7193858065979;4418,7337005388
49;2,290577050676;5450,8963321182
50;3,8988237956737;7684,2319591117
51;1,67887194159;4180,0436905398
52;1,3321310694563;3872,4349354948
53;1,6350825712385;4357,8093657878
54;1,7470439533373;4267,5557753172
55;2,4310274365646;5351,1526473172
56;1,5481371724987;4260,7278530318
57;1,8014323973396;4081,5447119688
58;1,8946951117168;4663,5552995936
59;1,3258772548375;3527,784606049
60;1,6433893673332;4210,7377824477
61;1,1103920973577;3181,0424481886
62;1,0313955735735;3141,4269569395
63;2,8407746976515;5776,1869770348
64;1,6005889100499;4092,6720297533
65;2,8403215142079;5950,0313839827
66;2,4241251283535;5606,4270972784
67;2,7101114483488;5544,0715813014
68;3,1887865186004;6114,5129984248
69;1,5625012462925;4138,1329011773
70;1,6475520123859;4415,6748916276

gen=100 p=40
1.9920011469379,6680.3691165448
2.4648293310408,8405.3518047163
1.6920619481669,5927.5577686241
1.8785987963427,7065.2295101978
1.9079891070234,6034.0934236107
2.0611895746831,6105.1328150693
2.241710120839,6815.0297321449
2.0574058735866,6851.2419658878
1.8412756231774,5781.4359219493
2.2678094112056,6492.4489370495
2.0829896738263,6681.209319204
1.9362645088917,6044.252015116
1.6988919750516,5630.6290777565
2.0603093490763,7060.0215875514
2.0270995605757,6527.7452401782
1.7484275304944,5754.4719454231
1.8533060938721,5518.3179665958
1.7582636925286,5811.48767325
1.7420695040615,5521.79770968
2.003131972612,6214.6806211185
1.8194469900558,5645.1039478319
3.1566871422159,9510.4659753757
1.9991772301017,6759.1084064197
1.9186010674331,6063.3673471972
2.1404379645224,5988.8124436071
2.1826682621679,6598.9409943726
1.6927140880547,5464.4014832982
1.6347755168579,5480.4517420582
2.032884418245,6667.066899071
1.8224584159497,5698.0940753718
2.0364830323604,6789.866619394
1.9812642637164,6778.4033828911
1.9406534953694,6677.0053839985
1.6153447291928,5178.9941754805
1.7900648110843,6181.6804386678
1.7649643078958,6321.7049638058
1.7708903861568,6450.6496817236
1.532383252107,4740.5665426559
1.6103028965303,5119.3571313539
1.4866109970212,4746.8116646585
1.4934169755676,5455.1593119148
1.6967664461886,5892.3094957093
1.6339562463161,4931.4198990501
2.1825277578725,6547.5845666611
1.5283677785648,5290.9502064329
2.5593643158406,8422.0704973435
1.7063243516243,5673.8997851709
2.0758042666967,6135.472805897
1.8506802457469,5995.1203937268
2.6741693907235,8470.7856684125
4.3374018604459,10926.243598393
2.0633654500257,6257.8194604238
1.6173121607349,4958.2036940188
1.8791066580816,6336.1109483598
2.0621943339157,6538.0213080391
2.8592810433018,8153.8404189039
1.7160161832363,5417.6606372311
2.1222677760901,6235.8437662598
2.290715837693,6962.495423114
1.5404328213941,4680.9269221762
1.8327404808636,6251.3784272715
1.4490050126392,4935.1524145681
1.128898337854,4008.5048891677
2.7239032596374,7938.7410927454
1.9451698567118,5781.3600017367
2.8845371753177,7969.0245642936
2.645474565986,8271.7797404614
2.8039975252994,7042.8072936682
2.9954116374661,9200.5456345138
1.9676396662106,5587.4676049752
1.9925135808504,6782.1712754562
