p=20 Rao-1 mae = 1008.5594940827
7.4899999999998,12.49,15,5495.45472,7970,2474.54528
6.3264405201689,8.3848851784263,13.678099787628,7961.841614212,7962,0.15838578801868
7.4899197843637,12.49,14.999922276491,6244.9042603776,7935,1690.0957396224
7.487964284457,12.49,14.999940943682,6475.6517647597,7805,1329.3482352403
7.4779935727392,12.49,14.999970988139,6230.583931293,7758,1527.416068707
7.4798398469316,12.49,15,7602.6325606795,7643,40.367439320492
6.3470517197201,9.0066676348299,13.640513075469,7531.735826539,7532,0.26417346098242
6.2775614154325,12.49,15,6391.6032,7451,1059.3968
7.4833818382209,12.49,15,7150.0930602594,7449,298.90693974059
6.2360346145444,8.156423767285,13.149684115775,7426.8451064721,7427,0.15489352790701
7.4875524807922,12.49,15,5673.0264460216,7406,1732.9735539784
7.4878989408782,12.489995775408,14.999975824223,5528.3127851021,7365,1836.6872148979
7.4899999999998,12.49,15,5580.8595,7350,1769.1405
5.0026560680517,7.5001622195368,12.5,7570.1506715891,7303,267.15067158909
6.2024735478625,11.732414922803,13.833202993352,7251.7159824039,7252,0.28401759611006
7.4899230194743,12.49,15,5100.8432151755,7245,2144.1567848245
7.4845681766066,12.49,14.999843218667,5459.1970284003,7166,1706.8029715997
7.4870576258419,12.49,15,6365.1996859747,7119,753.80031402525
7.4889636047639,12.489871121419,14.999901695812,5064.4527379144,7111,2046.5472620856
6.3606385565372,12.332466636094,14.517941923035,7043.8097648769,7044,0.19023512308013
7.4899999999998,12.49,15,4605.71746,7040,2434.28254
5.0109370230753,7.5000158968844,12.5,7072.547333024,7028,44.547333023963
7.4883941435416,12.49,15,6020.6119354855,6942,921.38806451448
7.4842413058367,12.489978969311,15,5126.7480504577,6814,1687.2519495423
7.483397282613,12.49,14.999998848236,5438.2950458897,6809,1370.7049541103
6.3284364611713,9.2986853077585,13.74073099638,6802.0871241566,6802,0.087124156576465
6.1923344125824,12.49,15,2799.39816,6787,3987.60184
7.4843708868506,12.49,14.999999223454,5603.226995773,6764,1160.773004227
6.2179276069243,8.0213337362938,13.336477041076,6761.1027811911,6761,0.10278119111263
6.2025715398651,12.49,15,5210.0155,6725,1514.9845
6.2145455425839,10.329809979177,13.751658249788,6690.1438096123,6690,0.14380961225288
6.2070518763676,12.49,15,5851.4702399999,6600,748.52976000005
6.2328076959481,12.47211276958,14.820411476015,6473.6106696934,6474,0.38933030662702
6.2268872856425,11.563190348862,14.113977264925,6433.1842137387,6433,0.18421373872388
7.4868309465796,12.49,14.999992266915,4028.1826315603,6416,2387.8173684397
6.2229544365523,12.49,15,6382.92336,6412,29.076640000048
6.2437763491792,12.49,15,5344.3512,6400,1055.6488
7.479373124003,12.489962726326,14.999981410906,3310.6804056798,6360,3049.3195943202
6.2279027876749,12.310426607196,14.721551782779,6336.7475147652,6337,0.25248523479604
6.2051055365482,11.783578746558,14.329245987269,6240.0014758521,6240,0.0014758520728719
7.4839307504066,12.489951183405,15,2521.0447208171,6232,3710.9552791829
7.4763686457272,12.49,15,5345.0633552815,6173,827.93664471846
6.3041744802118,10.155608748136,13.793828504121,6159.8550787259,6160,0.14492127410358
6.2437048472705,7.8093637831707,13.199026147098,6117.0066292125,6117,0.006629212453845
7.484556906049,12.49,15,3879.970232817,6062,2182.029767183
5.0139933932587,7.5000085631469,12.5,6822.9544213788,6051,771.95442137875
7.4877892937808,12.49,14.999936475316,5694.2729000269,6048,353.72709997308
5.0059089421538,7.5,12.5,6362.3438045896,6035,327.34380458957
7.4777310810389,12.49,15,4747.2159234473,6024,1276.7840765527
5,7.5,12.5,6253.28,6023,230.28
5.00249,7.5,12.5,10690.53709009,5993,4697.53709009
5.0029450261308,7.5,12.5,6290.8562303637,5985,305.85623036366
6.3124509304653,9.9013433848412,13.761383496093,5970.922919786,5971,0.077080214021407
6.1494823067034,7.8381353912152,13.221702029933,5961.8987114215,5962,0.10128857853852
5.0003839873403,7.5,12.5,6324.3748583708,5944,380.37485837076
5.0027793849723,7.5,12.5,7173.5278979959,5940,1233.5278979959
6.2477134492894,12.49,15,5719.95032,5927,207.04968000005
5.0043023214247,7.5,12.5,6120.2802823695,5885,235.28028236947
5,7.5,12.5,6869.016,5882,987.016
7.4759654438664,12.49,14.999969285251,3553.7018385716,5880,2326.2981614284
6.3103958080441,8.6492268236428,13.717483642581,5880.1564681979,5880,0.15646819792073
6.231897658415,10.029887776864,13.750051144106,5875.7813929939,5876,0.21860700614252
6.2147886596436,12.49,15,5196.7011,5873,676.29890000001
5.0047162729697,7.5,12.5,8540.7468661774,5865,2675.7468661774
5.0050217799435,7.5,12.5,5908.8895997329,5863,45.889599732893
5,7.5,12.5,7661.836,5856,1805.836
5.0090951071826,7.5000959567221,12.5,7740.9973528355,5800,1940.9973528355
5.0020127357203,7.5000053221005,12.5,7737.3951871736,5791,1946.3951871736
5.0004954611901,7.5,12.5,6887.163303308,5782,1105.163303308
7.4899999999998,12.49,15,5626.7199999999,5778,151.28000000006
5.0092716177411,7.5,12.50007439323,5908.9855325648,5775,133.98553256483

p=20 Rao-2 mae = 1008.5375348939
7.4879004185868,12.49,15,5495.2832933768,7970,2474.7167066232
6.3294923837377,8.1656857244634,13.969325561152,7961.7750649881,7962,0.22493501185454
7.4870882421229,12.49,15,6244.8832142302,7935,1690.1167857698
7.4899999999998,12.49,15,6475.833,7805,1329.167
7.4862303335141,12.49,15,6230.7264528629,7758,1527.2735471371
7.47707593456,12.49,15,7602.5783824692,7643,40.4216175308
6.453055334398,8.7881280362876,13.882860136459,7532.1098349577,7532,0.10983495769688
6.2389713100992,12.49,15,6391.6032,7451,1059.3968
7.4875100003995,12.49,15,7150.2513835353,7449,298.74861646471
6.2631999076641,8.05676766034,13.226097437819,7427.0962746655,7427,0.096274665474994
7.4899999999998,12.49,15,5673.2020799999,7406,1732.7979200001
7.4835783305048,12.49,15,5528.2535401405,7365,1836.7464598595
7.4899999999998,12.49,15,5580.8595,7350,1769.1405
5.00249,7.5,12.5,7570.1035683,7303,267.1035683
6.2904534903712,11.91767649122,13.564900724052,7251.7900159347,7252,0.20998406534818
7.4864238632949,12.49,15,5100.792995286,7245,2144.207004714
7.4888030058323,12.49,15,5459.3304130417,7166,1706.6695869583
7.4884812436314,12.49,15,6365.3034072078,7119,753.69659279216
7.4879974736772,12.49,15,5064.4475392266,7111,2046.5524607734
6.3012462750932,12.342841469453,14.517799955218,7044.3065489672,7044,0.30654896718806
7.4899999999998,12.49,15,4605.71746,7040,2434.28254
5.0037301673035,7.5000005355613,12.5,7072.0609632139,7028,44.060963213915
7.4816061861792,12.49,15,6020.5000699482,6942,921.49993005181
7.4771115071786,12.49,15,5126.6487553268,6814,1687.3512446732
7.4875099999998,12.49,15,5438.39658648,6809,1370.60341352
6.386798803904,9.2079314975201,13.894892796045,6802.0382305592,6802,0.038230559212025
6.2948755252305,12.49,15,2799.39816,6787,3987.60184
7.4821829636064,12.49,15,5603.1907870507,6764,1160.8092129493
6.1830423610362,7.929381370319,13.444617150317,6761.0057255623,6761,0.0057255623160017
6.2440801439248,12.49,15,5210.0155,6725,1514.9845
6.1471928462696,10.39002205245,13.652801076125,6690.283827373,6690,0.28382737296397
6.2521420092954,12.49,15,5851.4702399999,6600,748.52976000005
6.2442216942978,12.476323731837,14.813850199565,6473.9768574038,6474,0.023142596240177
6.2615598740245,11.675847748606,14.016327369289,6433.1806786208,6433,0.18067862082989
7.4761955930182,12.49,14.999963355571,4028.0479984289,6416,2387.9520015711
6.2328143988277,12.49,15,6382.92336,6412,29.076640000048
6.2759291403505,12.49,15,5344.3512,6400,1055.6488
7.4857896160131,12.49,15,3310.7530951596,6360,3049.2469048404
6.2538521752987,12.326006502346,14.709785787682,6337.1741926431,6337,0.1741926431323
6.200148041376,11.807109771161,14.312502293751,6240.1325272593,6240,0.13252725928942
7.4854991691998,12.49,15,2521.0614713901,6232,3710.9385286099
7.4794744806338,12.49,15,5345.1145394408,6173,827.8854605592
6.2737505917938,10.24329484396,13.725351891755,6160.3166236707,6160,0.31662367068657
6.2170270180081,7.7506142226355,13.276216572826,6116.83365732,6117,0.16634268003509
7.4899999999998,12.49,15,3880.1025,6062,2181.8975
5.0082062663679,7.5,12.5,6822.8552392697,6051,771.85523926974
7.4874333199703,12.49,15,5694.2717900132,6048,353.72820998682
5.0018503106234,7.5,12.5,6362.2209903995,6035,327.22099039946
7.4727572709538,12.49,14.99996422678,4747.1408412263,6024,1276.8591587737
5,7.5,12.502393460565,6253.6022555304,6023,230.60225553043
5.0044186922433,7.5,12.5,10690.751639744,5993,4697.7516397438
5.0022062413741,7.5,12.5,6290.8120214838,5985,305.81202148383
6.25443332711,9.9109747057353,13.766445198939,5970.9012766311,5971,0.098723368874744
6.1690146454851,7.7646351926268,13.307013827988,5961.9593771168,5962,0.040622883178003
5,7.5000129584674,12.5,6324.3431369858,5944,380.34313698578
5,7.5,12.5,7173.32,5940,1233.32
6.2513484033151,12.49,15,5719.95032,5927,207.04968000005
5.0046088723777,7.5,12.5,6120.2941967172,5885,235.29419671722
5,7.5,12.5,6869.016,5882,987.016
7.4754383707547,12.49,15,3553.700309401,5880,2326.299690599
6.4295968864026,8.506194577854,13.956275225816,5879.9212780576,5880,0.078721942350057
6.253229035059,9.9868373704493,13.778392169906,5876.0752488311,5876,0.075248831137287
6.2775437034185,12.49,15,5196.7011,5873,676.29890000001
5.0035163719397,7.5,12.5,8540.6719743546,5865,2675.6719743546
5.0042566134457,7.5,12.5,5908.8673004856,5863,45.867300485648
5.0067228612254,7.5,12.500023917915,7662.2271754785,5856,1806.2271754785
5.0028285032131,7.5,12.5,7740.7128572782,5800,1940.7128572782
5.0119318371696,7.5,12.5,7737.5566366766,5791,1946.5566366766
5,7.5,12.5,6887.12,5782,1105.12
7.4899999999998,12.49,15,5626.7199999999,5778,151.28000000006
5.0043135641919,7.5,12.5,5908.5913211311,5775,133.59132113111

p=40 Rao-3 mae = 1008.4598722544
7.4899999999998,12.49,15,5495.45472,7970,2474.54528
6.237442085617,8.2914573769677,13.826495720946,7961.8688459453,7962,0.13115405467397
7.4888825137781,12.49,15,6244.912783827,7935,1690.087216173
7.4899999999998,12.49,15,6475.833,7805,1329.167
7.4888030811329,12.49,15,6230.7685944689,7758,1527.2314055311
7.4890930539039,12.49,15,7602.8139420426,7643,40.186057957422
6.3916037429385,8.9286247108251,13.725981999053,7531.9451765173,7532,0.054823482698339
6.2438724113497,12.49,15,6391.6032,7451,1059.3968
7.4899999999998,12.49,15,7150.34688,7449,298.65312000004
6.1879067366025,8.1002545851602,13.207606771277,7426.9617305698,7427,0.038269430191576
7.4886402372655,12.49,15,5673.1045034261,7406,1732.8954965739
7.4899999999998,12.49,15,5528.3507,7365,1836.6493
7.4899999999998,12.49,15,5580.8595,7350,1769.1405
5,7.5,12.5,7569.828,7303,266.828
6.2002557980801,11.795095874086,13.749526412117,7252.0350557086,7252,0.035055708649452
7.4899999999998,12.49,15,5100.84432,7245,2144.15568
7.4899999999998,12.49,15,5459.3595,7166,1706.6405
7.4899999999998,12.49,15,6365.41406,7119,753.58594000004
7.4899999999998,12.49,15,5064.53376,7111,2046.46624
6.3775308514191,12.340109717004,14.506390195857,7044.0834534116,7044,0.083453411577466
7.4899999999998,12.49,15,4605.71746,7040,2434.28254
5,7.5,12.5,7071.813,7028,43.813
7.4899999999998,12.49,15,6020.6384,6942,921.36160000005
7.488241290604,12.49,15,5126.810932966,6814,1687.189067034
7.4877667374828,12.49,15,5438.4029145454,6809,1370.5970854546
6.3324988991452,9.2852419533896,13.764528608783,6802.10673551,6802,0.10673551000218
6.2588701023846,12.49,15,2799.39816,6787,3987.60184
7.4889297357579,12.49,15,5603.3029993651,6764,1160.6970006349
6.2019282581513,8.0394290764088,13.321688891813,6761.1107335993,6761,0.11073359930015
6.3137622646008,12.49,15,5210.0155,6725,1514.9845
6.1859247754122,10.294248014887,13.81663099966,6689.8592228815,6690,0.14077711854952
6.2763537104246,12.49,15,5851.4702399999,6600,748.52976000005
6.2314080699979,12.472908552236,14.821720975867,6474.0709762264,6474,0.070976226405037
6.2725665456684,11.617565919116,14.067189975568,6433.2728910539,6433,0.2728910538608
7.4890509754315,12.49,15,4028.2109442212,6416,2387.7890557788
6.2816550934741,12.49,15,6382.92336,6412,29.076640000048
6.1899206983158,12.49,15,5344.3512,6400,1055.6488
7.4889828773272,12.49,15,3310.7861965064,6360,3049.2138034936
6.2553436612641,12.323730913863,14.711663944841,6337.1510920455,6337,0.15109204549844
6.2139806706866,11.793227663564,14.321490334888,6239.9286417491,6240,0.071358250894264
7.4899999999998,12.49,15,2521.09728,6232,3710.90272
7.4885442065971,12.49,15,5345.2640085247,6173,827.73599147532
6.2963780559321,10.198938083491,13.759216151481,6159.8691866437,6160,0.13081335629522
6.1896320596555,7.7970578744107,13.221618496336,6116.5566999543,6117,0.44330004569292
7.4899999999998,12.49,15,3880.1025,6062,2181.8975
5.0013310415067,7.5,12.5,6822.741935564,6051,771.74193556403
7.4899999999998,12.49,15,5694.34608,6048,353.65392000005
5,7.5,12.5,6362.165,6035,327.165
7.4888579176726,12.49,15,4747.3780581473,6024,1276.6219418527
5,7.5,12.5,6253.28,6023,230.28
5,7.5,12.5,10690.2601,5993,4697.2601
5.0013062114015,7.5,12.5,6290.7581636903,5985,305.75816369027
6.2794984909628,9.9006725440239,13.772627721709,5971.0723888527,5971,0.072388852690892
6.1420863839652,7.8056213789273,13.264805768643,5962.0754750731,5962,0.07547507307936
5,7.5,12.5,6324.34,5944,380.34
5,7.5,12.5,7173.32,5940,1233.32
6.2427729884191,12.49,15,5719.95032,5927,207.04968000005
5,7.5,12.5,6120.085,5885,235.085
5,7.5,12.5,6869.016,5882,987.016
7.4899999999998,12.49,15,3553.8408,5880,2326.1592
6.3175310917872,8.6527776691214,13.708726956398,5880.0416032445,5880,0.041603244490943
6.2221690579094,10.023210934105,13.755511630939,5875.8811151715,5876,0.11888482845461
6.2077178237136,12.49,15,5196.7011,5873,676.29890000001
5,7.5,12.5,8540.4525,5865,2675.4525
5,7.5,12.5,5908.74325,5863,45.74325
5.0014523208727,7.5,12.5,7661.9188345733,5856,1805.9188345733
5.0010433487231,7.5,12.5,7740.6416296141,5800,1940.6416296141
5.0012529958227,7.5,12.5,7737.3806493712,5791,1946.3806493712
5,7.5,12.5,6887.12,5782,1105.12
7.4899999999998,12.49,15,5626.7199999999,5778,151.28000000006
5,7.5,12.5,5908.265,5775,133.265
