513.76511193069
406.62762098921
353.7842651853
353.7842651853
329.89674989139
329.89674989139
305.24417767568
297.22472426308
297.22472426308
297.22472426308
297.22472426308
297.22472426308
297.22472426308
297.22472426308
297.22472426308
297.22472426308
297.22472426308
297.22472426308
297.22472426308
297.22472426308
297.22472426308
297.22472426308
297.22472426308
297.22472426308
297.22472426308
297.22472426308
297.22472426308
297.22472426308
297.22472426308
297.22472426308
297.22472426308
297.22472426308
297.22472426308
297.22472426308
297.22472426308
297.22472426308
297.22472426308
297.22472426308
297.22472426308
297.22472426308
