220,96108244712
214,31729805615
214,31729805615
214,31729805615
213,25974815604
213,25974815604
213,25974815604
203,34178740331
203,34178740331
203,34178740331
203,34178740331
203,34178740331
203,34178740331
203,34178740331
203,34178740331
203,34178740331
203,34178740331
203,34178740331
203,34178740331
203,34178740331
203,34178740331
203,34178740331
203,34178740331
203,34178740331
203,34178740331
203,34178740331
203,34178740331
203,34178740331
203,34178740331
203,34178740331
203,34178740331
203,34178740331
203,34178740331
203,34178740331
203,34178740331
203,34178740331
203,34178740331
203,34178740331
203,34178740331
203,34178740331
