336,21243283344
279,09608480336
279,09608480336
256,47186314812
256,47186314812
256,47186314812
256,47186314812
246,49766091524
246,49766091524
246,49766091524
246,49766091524
246,49766091524
246,49766091524
246,49766091524
246,49766091524
246,49766091524
246,49766091524
246,49766091524
246,49766091524
246,49766091524
246,49766091524
246,49766091524
246,49766091524
246,49766091524
246,49766091524
246,49766091524
246,49766091524
246,49766091524
246,49766091524
246,49766091524
246,49766091524
246,49766091524
246,49766091524
246,49766091524
246,49766091524
246,49766091524
246,49766091524
246,49766091524
246,49766091524
246,49766091524
