503.05054628329
438.86497256487
357.51371442383
349.28151019782
340.90815263554
331.59642188393
331.59642188393
280.68697972561
280.68697972561
280.68697972561
280.68697972561
280.68697972561
280.68697972561
280.68697972561
280.68697972561
280.68697972561
280.68697972561
280.68697972561
280.68697972561
280.68697972561
280.68697972561
280.68697972561
280.68697972561
280.68697972561
280.68697972561
280.68697972561
280.68697972561
280.68697972561
280.68697972561
280.68697972561
280.68697972561
280.68697972561
280.68697972561
280.68697972561
280.68697972561
280.68697972561
280.68697972561
280.68697972561
280.68697972561
280.68697972561
509.22479457629
442.12450964953
358.19253556077
358.19253556077
344.24044585646
344.24044585646
341.10754595282
292.39351244529
292.39351244529
292.39351244529
292.39351244529
292.39351244529
292.39351244529
292.39351244529
292.39351244529
292.39351244529
292.39351244529
507.32393159633
428.89797994394
352.95137013063
292.39351244529
352.95137013063
332.35294226583
292.39351244529
331.99333740834
330.77707343087
292.39351244529
294.43334841023
294.43334841023
292.39351244529
294.43334841023
294.43334841023
292.39351244529
294.43334841023
292.39351244529
294.43334841023
294.43334841023
292.39351244529
294.43334841023
294.43334841023
292.39351244529
294.43334841023
292.39351244529
294.43334841023
294.43334841023
292.39351244529
294.43334841023
292.39351244529
294.43334841023
292.39351244529
294.43334841023
294.43334841023
292.39351244529
294.43334841023
292.39351244529
294.43334841023
292.39351244529
294.43334841023
294.43334841023
292.39351244529
294.43334841023
292.39351244529
294.43334841023
292.39351244529
294.43334841023
292.39351244529
294.43334841023
294.43334841023
292.39351244529
294.43334841023
294.43334841023
294.43334841023
294.43334841023
294.43334841023
