=======r,R1,R2
7970;7083,7547366816;6,7556610450974;16,8615;20,160609463411
7962;7962,72444;5,18;9,26;12,82
7935;7940,997768991;4,9332283913267;12,584686469684;20,25
7805;7803,4302348925;10,1115;16,8615;16,615159482672
7758;7756,0749527014;10,1115;16,8615;17,923896835704
7643;7641,8669544904;5,3750496569052;12,725049656905;15,075049656905
7532;7524,27888;6,19;7,97;14,89
7451;7415,3766131493;9,5003128808581;15,666037736685;15,942130778419
7449;7428,3256252492;8,8638899632499;12,707028856007;15,638540759111
7427;7432,8984643864;5,6973627614503;8,8179302501977;12,749384624208
7406;7388,928581393;8,861911127049;16,8615;19,274260527564
7365;7372,5651916582;10,1115;16,8615;20,036982800873
7350;7403,8045302449;10,1115;15,826641000462;20,25
7303;7295,279823706;8,0397039428194;4,875;12,169878441208
7252;7253,1289616554;6,8151542583435;11,265154258343;14,365154258343
7245;6513,628414678;6,2343846493764;15,339999471962;19,80585957888
7166;7063,7018543304;4,4938142180941;16,8615;19,529031861269
7119;7110,1507521112;7,4637373892946;13,657846963613;17,258478044117
7111;6603,8537761731;10,1115;16,8615;19,289052795893
7044;7037,9179035173;7,3273710517213;12,476158485144;14,132443534531
7040;6192,321871;10,1115;16,8615;20,25
7028;7029,4014700261;8,4551959899379;6,9016092038896;12,64812744722
6942;6945,4521846942;4,3712809377831;16,8615;13,929206036648
6814;6785,54683375;3,25;16,8615;20,25
6809;6819,2645122973;8,6078447009049;16,8615;17,228990601735
6802;6798,3043077803;7,6077697045881;10,084439230486;12,061393280479
6787;3653,0357336187;5,9353646734938;16,8615;19,190347109314
6764;6765,6021035463;6,0218440909927;16,8615;17,286206369069
6761;6757,3556453654;5,5992293542423;8,1992293542423;13,309229354242
6725;6520,4456545283;9,0267551776239;16,8615;17,103887835613
6690;6691,968373888;6,5840105655705;10,319064871996;13,738868176669
6600;6390,3246959736;6,5166796266179;14,193832152345;15,216209727733
6474;6502,1992405574;4,1094850578718;12,353026726027;15,259825772361
6433;6451,6932;5,4;12,03;13,78
6416;5105,7142499627;5,430119721065;16,8615;18,266072837717
6412;6452,8074599568;3,25;12,9718931683;14,689784795694
6400;6383,2111893815;4,2378499212007;16,8615;15,021927169566
6360;4437,0486047879;9,4236460339503;16,8615;20,25
6337;6325,9543274974;5,0324963533434;12,362496353343;14,632496353343
6240;6237,04608;6,24;11,86;14,26
6232;3382,2460359086;10,1115;16,8615;20,230082589567
6173;6193,5268722139;5,7860182238808;16,326528223186;14,940376889367
6160;6177,8263018102;4,6677809399906;12,358002941507;12,097026276542
6117;6119,5863479957;8,8089559279768;7,0795646022521;13,694066204377
6062;5207,5361697231;10,077149988605;16,8615;20,25
6051;6044,1283365082;7,6964978496807;5,1124112174671;13,468250633581
6048;6064,160993911;6,1342573002475;16,411473731688;11,02930961834
6035;6039,6273384522;3,25;4,875;14,102862156154
6024;6017,5472077758;3,9152518106668;16,8615;16,536629973121
6023;6015,1056277808;4,8769543755813;5,8772409800025;15,512126798024
5993;7088,832725;3,25;4,875;8,125
5985;5940,0146618464;8,2103067267993;8,5259663946752;9,9906244941599
5971;5966,5360069367;6,0063305841898;10,428332976772;13,179192761674
5962;5961,5245340636;5,5959167252541;8,2105060997226;12,922910627709
5944;5950,2889609048;6,1805803273455;6,5195387246285;11,69407119739
5940;5960,0380585685;9,3983954304108;4,875;10,626564439752
5927;5935,4955298836;4,8932273503904;12,741577224845;15,976905395942
5885;5882,855400071;5,0969620053154;5,4973415762395;13,556713012755
5882;5835,6445290124;7,1214794412797;4,875;10,963054048448
5880;4777,42428;10,1115;16,8615;20,25
5880;5883,1762842393;7,5784364958699;8,7836228606194;13,212816743379
5876;5873,90976;6,43;10,96;13,11
5873;5851,4007955893;5,5111105636034;10,949422418006;17,394667918163
5865;5867,72167998;6,21973572026;4,875;8,125
5863;5857,9385855114;5,7608576852814;8,1209989317243;11,721736262971
5856;5929,3203725302;3,25;4,875;10,691030657202
5800;5805,8833207191;3,5388252015045;4,875;9,8996705518772
5791;5797,7788419512;3,25;4,875;9,9741803893183
5782;5781,8054909884;6,1445386811358;4,875;13,479421111311
5778;5583,4884582462;7,1700183874918;12,460018387492;14,940018387492
5775;5836,8335546328;8,7040756840577;5,3099423281597;13,451734129633
=======r
7970,6916.8893684735,8.7246962005707,16.8615,18.555508784486
7962,7959.4479789434,6.4192531232825,8.468954011091,13.533117197378
7935,7912.3627490181,10.1115,14.219655261101,19.495466127134
7805,7836.8152466342,8.7072195060235,15.490266519224,18.13328576818
7758,7712.4754961735,8.1118033306943,16.8615,17.882518534862
7643,7643.604567055,7.6548649553657,12.805526193705,14.84380925548
7532,7530.0922010941,7.0222312917896,9.3814649111737,13.050006253929
7451,7453.1700792644,3.9077695449864,14.988273166542,17.036924609175
7449,7431.5303100693,6.1970690165623,14.278011595741,14.957936363325
7427,7430.0856,6.32,7.84,13.4
7406,7168.2066934089,9.4342999926516,16.8615,17.450148815052
7365,7369.4796385569,10.1115,16.8615,20.023387061278
7350,7361.2522370141,8.9105611268401,16.8615,20.198806921352
7303,7311.295186353,4.9740470906843,6.8494801526718,12.182678786557
7252,7263.0125128075,6.8232451766884,12.024280911262,13.371697431226
7245,6517.5664087991,6.1874548603627,16.011208662768,19.490337247504
