688.25948466518
545.87124925256
435.24688483003
359.11475693988
290.62755474554
240.55468741293
179.9698020179
0.95966450704225
0.95966450704225
0.95966450704225
0.95966450704225
0.95966450704225
0.95966450704225
0.95966450704225
0.95966450704225
0.95966450704225
0.95966450704225
0.95966450704225
0.95966450704225
0.95966450704225
0.95966450704225
0.95966450704225
0.95966450704225
0.95966450704225
0.95966450704225
0.95966450704225
0.95966450704225
0.95966450704225
0.95966450704225
0.95966450704225
0.95966450704225
0.95966450704225
0.95966450704225
0.95966450704225
0.95966450704225
0.95966450704225
0.95966450704225
0.95966450704225
0.95966450704225
0.95966450704225
