Rao3 p=10 trials=30
79.369892000276
85.94858072475
11.375056857641
12.47425157007
5.6254141663476
1.6179911619597
1.740587450024
308.29045234398
49.865318476214
55.379348659397
17.169004562343
333.7725044113
15.390387228733
139.22103127952
33.083553389187
254.6248066339
232.20578207471
34.260771937923
30.23380510846
15.324562087761
11.985810614998
218.88304929438
69.190056647186
56.389022059798
144.20149006626
32.185511833629
24.950645268105
174.80472189596
37.365007237896
23.134979634809
103.89026704752
110.50869488471
3.4737881994357
26.66392460381
33.930126855891
17.379459127939
15.860143291446
335.70519551698
13.787993382546
70.186331444731
1116.6249536367
2290.6741220573
1211.5357901341
831.22281872311
313.874331516
2250.2389025291
365.98239864241
201.50383183205
43.744660025823
493.31826585256
76.373193421867
107.80212352201
548.88083670334
2035.1319872982
301.81288250932
1025.4708638862
178.16404915605
3.9318023280501
2584.2478765696
597.00769799022
374.44033442911
2221.764515664
112.1937855775
123.56668042099
562.36617590855
730.67970200978
287.36685178117
65.924341018455
483.52069085683
383.08079162395
38.83778081074
220.35856484634
245.63093845857
218.60142643514
533.977326695
643.71921068486
1074.8420218106
8.6258003924264
339.72396663071
567.00187938844
1084.3862228513
408.12696737253
564.37642009968
385.87827458038
3939.632022217
1606.023288986
1491.8678294287
1738.3382583516
593.33081690645
7826.7574716525
389.66376764415
1.3971239514418
7.3069958000047

Rao3 p=20 trials=30
64.359463830673
81.736199718562
9.2174350671633
10.473377433231
4.0751191774907
0.81537647453541
2.0458529252728
289.08789436959
49.630946611453
57.652391937345
16.833906265997
315.29030896913
21.225936654353
104.92304618742
27.326936552656
246.958087078
238.05210567522
35.268507413868
31.799405998852
17.043448361789
25.826704330655
226.11561832305
66.769974642027
64.50215969701
157.96550926773
29.504127103462
26.610221363626
145.80444816533
43.231939767352
22.342627841287
110.48378919218
145.68729562988
4.4732000644818
21.680975208503
25.418083271286
17.096483807018
18.665504959083
372.86446155615
15.278126963978
75.501680536914
1080.8028066621
2102.374699177
1280.8724397732
805.85883712302
335.61667777772
2295.1842838252
336.44811047887
196.69785356533
44.128246177845
479.22296201923
72.728086960904
115.83045017038
667.24284692861
1899.5890293464
274.29673811262
1034.4731583525
179.97733021201
3.721388741129
3764.5775997249
639.73406047785
377.01973583739
2290.0004991878
118.27674868669
124.0449914579
530.02281963511
716.64515351096
237.66114249626
53.925473574269
450.78229224932
331.50309250234
30.623183660497
218.10404730855
230.73503403486
218.66964331638
539.68344274063
679.79812188399
971.81832363474
40.678981675114
359.00429522531
643.33921343504
1139.1002396383
350.93748435331
551.52417379071
394.66695674362
3905.9340970469
1566.3470000723
1454.7760423104
1756.6215987697
590.05318186633
7843.3408488593
394.37947260777
2.6829350026216
5.6890048209965

Rao3 p=30 trials=30
61.716208900538
73.764008052476
13.036474481844
11.939605553147
5.7963879817536
0.93443984245069
1.6348926964765
277.82791216947
51.105087365418
60.148197967393
17.181922616722
316.22467745883
16.350830709602
94.15015779654
27.845536639143
286.39254995432
240.70607127059
22.346812849547
33.742480916987
15.936839572328
22.654929682587
246.97726053831
77.360677577742
60.257095950975
161.13008236329
29.399049018702
21.263905089063
162.68627861833
22.947343722172
18.790929781775
81.815104610654
104.06588342065
1.2490734701202
22.06306302668
29.600117755601
18.019319909396
24.111022923518
357.9522569541
19.468007781613
64.939018840616
1108.6561853844
2294.230739499
1268.6566011069
743.91587413077
341.91033618537
2325.1805431479
377.11308097674
222.06324410985
44.677218618971
474.84039388131
72.811543493019
121.03360001975
611.45000133812
1826.2146829886
299.6915682681
906.36832207262
181.04627563847
3.628352652194
3627.3764785837
622.14298318616
386.59109203725
2265.8683770476
109.13761373706
120.35610801937
549.54586223425
772.94783752706
304.75486639106
120.82289496917
358.37660446138
369.39825971379
40.43157506289
228.4517906017
208.89935484734
217.72496049588
547.53104644042
604.7308973084
1048.0096052393
18.697923203444
339.33664723092
626.08400160885
1111.1431177455
323.7697570485
538.90158885712
393.1648669627
3984.1644052554
1575.9311740751
1454.1875404814
1753.7255695083
595.98596637517
7840.4852817367
395.1862769701
2.2291339682577
5.7213028180973

Rao3 p=40 trials=30
57.823128349687
78.483450178634
11.809831567318
14.784092546934
0.707932602452
0.44049310173911
0.57986455416892
283.41120935246
46.816712657237
60.357623916637
15.859750846915
324.33207523886
14.542396358062
125.87013876261
29.712892788994
275.04993790972
198.75986144155
39.666880689389
31.950688266387
11.087487046711
30.510717999677
242.40825582455
75.286263921677
62.163607653695
156.65894059829
29.109441444442
29.333173685184
158.54186600972
42.153097660535
23.533974588276
82.29531569217
113.07384222075
3.6283124586354
21.236574563446
37.022277681914
19.371607785431
28.206093836866
361.14833605572
15.429818259371
70.0438394747
1060.7370379284
2270.1303726852
1271.714993931
832.85372121457
338.78995702893
2283.5171493061
358.67244250827
185.57484533635
48.600104347889
500.53983668329
75.880025248353
122.04179700797
631.9523284629
1971.0622540335
310.72556980648
870.35288989924
200.89804014763
3.5816693463597
3903.0753634831
624.24693582556
366.57513238139
2100.9194917264
96.971820781766
113.69690284817
467.15553169239
797.51416370381
286.00616935692
97.728855132966
326.81048157193
328.25405195925
37.81058619
172.63822207765
224.83475470866
218.66572659311
495.9232409211
592.78957028447
920.36533231272
1.5102027519361
338.77691804216
605.79164190077
1006.7078295243
320.62269100404
522.11981592518
389.22480195911
3968.8371525805
1605.0062574044
1435.7107620672
1719.7797461619
600.28052381474
7594.8986357509
367.1906375536
1.7893112968447
7.3143814318567

Rao3 p=50 trials=30
71.31282385889
76.061371163606
8.4522180209934
12.998767891843
5.9028960567065
0.68740749133461
0.93694551406023
269.43845737401
52.4072302862
59.247239134687
15.874014883714
319.99789303407
15.176216141747
65.332277427051
25.532476235352
293.61126063785
227.26193973486
29.550783865276
32.469758050814
10.418715745164
22.039136015406
232.69448065893
68.47593792046
68.700082797788
158.75976314968
29.822798684493
15.013480540944
163.74454549369
35.089562990864
19.975067325208
107.06656622489
114.82920066823
3.04311724791
27.139226795748
24.527297899112
19.41989686164
29.589522060081
339.83120191502
22.332178303725
74.303603189776
1067.7499759551
2226.4894474932
1266.9683706603
833.09818515955
331.98013922357
2254.0908956029
345.1819912098
212.15921430094
27.758203293994
496.30336645885
74.550740485728
124.13639191824
655.58963648031
1862.8764559093
283.50396909095
1074.6090634153
198.35578023392
3.5760605169442
3831.4282655933
603.96579998824
398.9580865811
2294.3620963128
96.762832764472
128.21225176396
567.30581661673
728.7132601478
362.0925047343
46.403614781023
497.95942096557
323.62230412073
29.453466249999
229.61510913629
244.88850172326
222.71433691988
506.94083928338
600.32188742361
950.18395246596
18.373738545583
337.91557800314
601.19542532879
1109.203999067
316.52859598266
539.51708251481
384.10052199355
3838.5299150285
1567.5006258335
1539.4746472922
1687.519941074
603.70327174748
7764.4785811542
392.46869420178
1.4702634063036
7.0166552769975

Rao3 p=60 trials=30
78.722630774597
84.147617929391
7.9516624702331
14.946925929535
3.8002725093442
1.1694398207977
1.7214113869229
286.55108248147
45.90293221457
57.129720661561
14.345257351354
317.0791304244
21.186991183008
131.65307953247
26.107013557266
262.90016236487
174.54863285071
29.168132343883
28.326280835671
21.134260016133
20.662412556459
205.52946605714
90.842262573595
64.934900820443
153.28401685304
26.554154161071
25.672948216845
166.92134506633
44.563786174712
28.300654248923
99.529672777302
129.51945043906
2.9737260361776
26.164274227462
30.267305985514
18.20866293141
17.947226405538
381.34945785143
17.596560066233
68.533687348865
1144.5045544051
2294.6506306279
1235.4383205206
687.58580803518
316.42981216239
2326.8363205668
323.41717517149
197.67538503381
27.971888845584
466.21443057644
74.170611374633
113.26965450163
641.9994352128
1913.5392870995
289.58549851425
1064.4783294187
126.42301308725
3.5962173062167
3560.1516489607
629.16695481516
369.71169965225
2312.4814219352
118.18826925567
123.33380536414
539.41442109216
744.21877469396
220.08492440196
100.35678187311
494.61619102869
330.5006525459
43.136484104178
211.04640464763
184.95582891209
210.1188923483
525.01574466477
511.88350853985
1041.983104085
28.566766717167
346.4608978008
624.18784152734
1105.2428610002
396.07900504305
542.90259988729
383.26526700539
3925.8802646787
1571.7119588717
1432.8586081203
1799.9531264829
604.56851286392
7918.0551490272
385.52856439982
1.6206827406203
6.403258175979

Rao3 p=70 trials=30
78.22984016634
68.849828767718
9.7772881624929
19.273179615495
4.7512964501536
0.41164874889276
1.5318951170899
258.30553670534
49.827816553531
59.278145399025
15.24679000238
319.53890122846
19.326777953719
121.88758813851
32.586429690253
221.60353738693
180.53309728719
36.414528976434
24.938777219037
19.811470591408
22.095745148547
246.20342049613
67.151238931704
65.023908341738
152.63265405691
29.48041090494
28.542383177268
138.6505849454
49.108826625955
20.695993701829
123.5783957702
92.643134261681
3.0011103373825
23.289458366872
29.380417044341
18.948400276124
25.71436266262
360.7503445918
19.587218628079
81.522587963536
1055.8618821652
2182.5720649855
1273.497075052
824.41647108687
351.96106502271
2286.6325836433
327.9260280364
197.0895058609
42.672579421797
455.9459848427
71.761904102374
117.14796072392
618.65851558742
1935.6938850633
287.9937928846
1062.2829692038
176.7713222498
3.5344773939676
3015.8699306448
508.68004125417
370.05473924142
2306.8910501459
80.996512457625
118.1003448616
541.70884520706
705.79475889037
242.29251595699
73.41141441939
387.97987169333
288.04109121422
35.538695557667
182.35556843465
235.77382545838
219.0106881116
523.45061562707
544.42057262879
972.00922238304
21.040627249908
368.46828223705
601.01677178208
1059.5362878513
370.5580330928
536.65996761042
395.37110189438
3893.8558038216
1601.0842603773
1480.3127496846
1750.727174595
598.08295024429
7376.3317642967
390.46848475012
1.7528584132791
8.9112688418572

Rao3 p=80 trials=30
70.116912475732
87.756530324714
13.554153758812
14.392457314604
4.7676183356992
0.63856184722391
1.2874612014971
261.13795720771
51.214620338663
55.549301796934
16.223614406976
321.83634837692
18.137368093108
109.73177596559
33.499469707668
218.84404972289
238.72403919818
26.505710419161
31.670003238491
26.956154176953
25.022231659605
217.25781382607
65.376869474049
56.655744898164
150.41197513435
25.656251636765
16.091354097334
142.06781802451
40.901713182634
23.936913231634
83.237028363481
100.82282768816
5.9482953813737
26.479757043251
25.793255209584
18.649550135529
28.816541308616
350.01711232065
14.620022291577
78.807373251495
1075.748445338
2156.5862017607
1288.745630101
791.7227131689
306.00165476081
2282.6543226841
379.18859650076
188.28674517944
41.607877407898
466.99748337534
70.824777541582
111.28345256988
634.91361803065
1994.2375340546
283.59806269509
1027.6683850964
177.46704709707
3.5946034594496
3268.0880816447
646.82681827493
355.46091006945
2300.6573402014
122.55248376453
122.94238670963
499.78783669563
724.66063244353
255.07034552066
98.369255309078
455.24147422959
370.68048615505
35.069043553924
223.70362826373
203.76952505394
219.37434650639
550.88703860141
579.50289675273
1029.0373922089
29.238842125384
328.91745394566
583.1891319234
1080.9159280886
343.19163111666
535.50851849189
384.44952579821
3966.8400385661
1551.0525111909
1502.6280728527
1730.9456338482
603.2104273916
7832.4251270883
397.51040212691
1.9641113135993
5.5103570644119

Rao3 p=90 trials=30
73.49908240528
70.137123879975
8.6584208087391
17.472305895299
2.4189614564934
0.85839983541696
1.8062633215055
282.77566546451
52.901213225418
59.080568342938
13.60239019213
311.08690997402
15.065473600902
122.6556540457
30.889537807884
232.75768720713
239.87368168258
34.470793035061
29.935962356944
16.085399166328
28.301493099207
211.31146601624
80.70510250525
61.802630629865
172.43348214952
31.480551963883
30.586935953762
156.88904415082
45.085778022835
21.445258324679
105.01238315822
107.09642142011
4.2409387994991
20.592558287257
36.963299295045
16.491319013936
28.992534031796
391.28109177377
15.119963051178
70.793861617222
1127.9954948686
2195.2065985867
1241.5340791341
838.75659981732
321.10551059191
2327.2530988305
342.62780346564
207.81316146003
40.918234828761
476.03354843889
73.345711449063
117.72546119398
654.88477447854
1936.2183150948
286.44138391319
951.36339483193
172.78421109669
3.5151602849679
3746.1505701593
604.87095798611
344.15319003596
2252.462639247
116.07577262137
114.10312070027
568.93345897495
744.02834576281
240.81129073854
67.276918357096
507.30195932921
349.8532588477
45.708704396428
182.79957767165
226.4527119974
221.04861096077
525.55446037515
626.72841678355
965.06737233355
63.012352388388
339.07162774821
596.15355534317
1091.9167734493
399.07845587886
555.82514121185
391.89604488898
3815.4656187297
1619.6364268042
1444.6901901389
1725.940014088
603.14634210217
7478.0293528516
402.22300269902
2.0436871957862
7.4788581889235

Rao3 p=100 trials=30
85.925870448421
75.066237623408
10.386965871371
11.588287923335
6.6063420652313
0.71972484240413
0.93490793929271
276.49163813096
47.382233806132
58.481548031846
14.261458383667
320.7854892697
16.470812357979
132.32099214389
23.992958041624
252.49089325359
227.32060742597
26.854583580154
32.451088346062
10.916732654063
22.137838593986
222.17169127478
63.617257212811
61.512027587121
145.11472851112
28.35773018034
30.32894189391
136.46853348135
45.795608848697
29.05474612354
68.710325332
100.4766843122
4.9520855394789
27.757305124272
31.9436826599
20.854657457277
31.233944118421
365.3613678228
15.316190668975
82.85535225239
1082.3597739881
2215.0722866725
1273.8219880291
872.11717457898
324.05424839335
2340.3453642244
344.39121353747
191.70677387687
33.566711593021
475.43491685426
77.29762896333
118.74230380619
648.51907521377
1959.5216076011
279.7233959936
1028.6703962779
177.77165939531
3.5531756308795
3694.8403133768
648.65610876743
360.76820990125
2251.0051462352
90.668078319812
116.79074768736
559.69998590636
735.23449859463
173.64856902713
96.712380770135
471.316545832
329.90052663205
29.586647864583
219.39268456225
228.21846834613
223.68259657838
530.57186815235
607.96638106185
875.24943159261
0.61393735920528
339.05087530295
609.76924871434
1019.330818546
373.75891489034
517.6257615931
397.00674207726
3841.7001976822
1615.5921079323
1464.5278531186
1764.8383252921
600.84300902904
7825.9839063204
390.76358620387
2.1032947456525
3.5908849514915

Rao2 p=10 trials=30
87.775254481665
63.2843413968
8.6253208157833
15.403615346604
1.3104259150233
1.0011872414598
1.5820809164799
282.49250048954
46.042270294708
54.844293501835
14.99526873047
326.68043107494
14.257291588028
155.75542712246
31.04167875244
213.73934763488
202.72616470474
29.631512304056
35.352886203731
16.094120152326
21.292616276614
228.38521494085
68.654254605387
58.893901474931
152.16095013394
32.42341841479
28.240010001084
169.00766383943
34.669207129342
26.84867955333
107.80643179684
118.97280513511
3.6164854470502
25.882851691828
27.298475064115
18.707616935374
32.807373973521
373.66628549914
10.992170394413
70.687580252962
1063.8691612189
2261.5107283769
1281.3700033466
770.21741650587
315.2629129734
2302.3353053972
381.1835132158
203.53666891994
49.970963976222
461.70198421421
80.196480652699
105.74157769271
586.77934072996
1917.0780441701
274.84990837031
1092.1077112427
203.72807450503
3.8917910825739
3881.0531826579
637.04430498508
376.66985855334
2330.8910678858
133.71227832052
122.77096940329
549.3786412893
646.65977536667
204.52051771512
64.046933468173
469.35376548899
345.91921192772
43.576936262144
247.1218625042
226.60385833333
222.98730247873
545.68361522391
558.05486121979
1025.6618454255
21.318031686331
326.88220263609
626.82107157935
1019.3480424143
346.4899866453
548.46155742499
389.35011750412
3925.5415652286
1659.7324427746
1491.2722402549
1703.4421200193
594.39143812854
7794.9300808921
395.05775840593
1.160686472595
3.8885340965621

Rao2 p=20 trials=30
73.253076724664
77.344715385712
9.8028600043771
10.919964396653
2.078179852625
0.94363687267431
1.7159291820861
258.18367268206
49.613688310073
61.539812993594
14.580434570656
332.52925894252
18.670632792864
110.87948691576
27.952743880445
240.8280063923
234.27413291378
25.569287677807
26.716849948323
17.385981361262
14.202732311204
220.16445658925
79.501673515143
61.709827577242
143.16720427244
27.746891391864
26.005486461768
155.07911671062
39.318576155672
14.253449685362
91.179617598505
98.873936577092
4.1619490290211
23.141641041461
28.779096576934
16.225051499779
28.739688478768
368.29039908622
15.321817599428
83.043141819411
1066.5463763642
2323.4358886996
1285.9248104586
815.99199735078
327.99259879944
2288.3252952004
344.20020902798
188.90779178945
45.218369778734
491.21178298689
74.753358525181
112.86708352931
546.98035303556
1950.6310097362
289.49687171662
760.22745452664
171.66346736129
3.7434010579371
3729.321859938
510.05099212819
357.53708162404
2297.6710872334
116.39637734255
112.36970692441
554.71053442166
736.03371833029
227.44127236791
110.3664825792
453.88989263761
329.9761025695
45.003310993129
211.00803812832
220.48181168697
218.33718943599
531.56145408706
600.41657152318
1016.6226147384
43.820284673916
335.29636226626
632.66373906739
1120.0259548294
331.49822148273
541.75238391482
394.85066352159
4018.3625248559
1570.5568284832
1447.6389483234
1762.3745219277
600.75868120375
7947.6078525106
393.09870071512
1.5341169255523
7.0880717790767

Rao2 p=30 trials=30
75.799132897192
87.189254003319
10.465392959998
15.160860346068
4.5297362323332
1.0240719893243
1.4645325552272
278.89896653456
46.912276454457
57.282849948315
15.970777659076
332.74868053031
16.40978608975
140.19256449247
29.802986834174
249.42031091781
218.29230790845
29.515628795035
34.18150529952
25.744364938025
28.904624925018
214.33349629999
77.070862536474
59.706103688512
157.59795304807
28.603299843098
28.433725573979
136.79342222339
45.714868413567
26.336456063021
116.31929181583
98.746052014777
3.5149362755712
24.516012917664
34.587616944205
17.52879334637
27.041040974524
377.82202443612
20.258656090415
74.921308109902
1090.0088057214
2250.2205353633
1257.7010979385
878.22599710152
327.15766992073
2326.4955573367
318.39076817212
187.78285318402
25.782824923027
493.41960099087
68.308673565674
118.43266283852
603.92209883302
1830.8964833363
297.54601188729
991.77469222199
177.16621895242
3.6798359899326
3175.8541469578
633.96823182414
379.96037595257
2233.8035979837
118.72726948755
116.34361416681
580.74409230426
732.74179766188
179.64533017427
69.436167233288
425.12169157032
370.83394423853
33.826856217045
232.60179392257
222.53744499267
217.45706330593
511.85139652821
586.95370388697
962.17230832436
20.776047174172
352.18855509494
608.15891401288
1097.6747170992
292.43371000872
524.34262122282
374.40934648009
3889.2776892428
1594.4156226076
1510.9739821872
1750.6250923032
601.5079239126
7878.1523197099
397.22399119253
1.6486110993883
4.7273558372647

Rao2 p=40 trials=30
81.002465708797
68.354486095235
5.6852982938688
15.368665531142
5.8118031709542
0.88585599983495
1.6710553878565
258.35784207623
49.769637940701
50.446091680506
16.189718835799
328.87934693396
14.702199957293
114.33475256109
34.036697363896
230.82287799978
221.043433607
32.970591398898
28.740013856409
12.296673386897
18.970689312669
195.29315537718
74.332363477097
63.836244533845
164.62997065904
24.607591552079
34.31496074619
171.85834862535
49.002767318963
20.552709019606
84.831972685999
116.05318940208
3.8493558492383
24.005783393424
24.061784736631
12.35062981576
24.742573842397
358.45261263946
15.009094988167
77.856915046157
1009.7305842024
2339.4465862735
1244.03805464
821.25505727303
338.23881447228
2281.6501520429
339.4393691541
213.45106117298
34.342053818422
447.77344127575
77.319208247803
123.36927183295
631.80939251986
1906.5463488599
308.53187805178
1042.1600808376
191.47877988868
3.6475206869882
3626.0120514614
616.79303278552
366.65670287615
2287.4306155901
103.20950867314
119.64200637214
558.46480321123
753.13286665797
251.57349633378
38.224418196106
457.72968593141
350.58183878886
39.747337522082
214.97474751362
221.51029073662
225.24237600752
539.74337409573
637.51940656179
795.11916955852
16.193356884624
333.99483527954
611.50645091657
1073.4178087811
291.00081082335
540.17465763298
387.72372768391
3786.4776255905
1554.3151062273
1414.4174987539
1756.5084669418
596.41394749501
7788.6341625811
382.50493233118
2.0249982854096
5.5655486003752

Rao2 p=50 trials=30
79.293179007925
85.591859851836
7.9981544512342
15.472052669457
4.2933985171503
0.88988787493424
1.1787854946936
282.16511655028
47.928834596125
55.333997445248
13.103812270096
324.22516453429
19.040414000205
90.432141581082
28.511200954277
286.20082409261
178.2072963936
39.26740290708
31.440275636154
12.721330844963
9.937255956695
176.54193503926
71.535471014721
57.592469977449
150.48007546327
28.709197712275
22.298670632042
98.115655246249
27.368492636282
27.207994164728
107.24656009578
96.618332794538
3.8947012593908
28.765669150272
29.826030403246
20.452344355519
21.686039146803
384.66579388945
18.176036873916
77.919256271801
1130.0829343783
2238.356169008
1217.1601609964
851.67420478955
317.48417993123
2308.5436976251
347.09565530221
209.0281510157
39.768548996029
487.63612760987
70.812313870532
122.60904971675
626.36715573021
2023.4824980857
297.39880290861
1051.432732318
179.17747827985
3.6100537195707
4187.444236001
615.64283301192
362.90733207482
2268.5154144129
115.11304780197
120.39399584281
499.59669289298
659.57342673029
263.19903685426
73.834699154434
437.33311836226
314.96422907624
38.12130052516
241.60555259108
210.34278961903
226.67811347149
521.64738430563
609.32201880943
869.11426319815
0.66285895016199
324.7261503536
637.89105691936
1041.7100255753
342.90515141775
511.16607570233
379.89140814539
3878.0344760615
1635.8996891116
1470.8007646607
1723.0954317813
603.52315787622
7877.7774955209
398.45983959724
1.9327275102036
6.2541331861546

Rao2 p=60 trials=30
70.260621377182
67.357967633026
10.327269075271
13.022261739694
1.2037986151912
0.20900965150287
0.74775572171784
282.87067382176
45.466385482415
58.576491728915
15.150018332048
316.78441249579
20.284123916011
129.689871952
27.979140603178
258.06352093994
241.59630547896
26.87903908373
35.307463772593
24.142933737774
21.819214757224
192.03022499769
65.427464832205
59.011731701845
157.70568796766
30.858276791721
29.877018981957
155.23325098712
31.371426796189
26.265476180656
102.04526569381
116.42656128985
4.8621492683923
26.176739636286
30.936660687447
19.881219635172
24.996601450112
353.40487986498
16.533374557338
52.972661871347
921.25431253826
2313.5769646906
1233.6353460236
845.90485144789
333.56397703823
2277.4745980099
345.52700661665
201.51623471423
28.078508071567
510.84306519215
76.406918297333
120.30553477598
579.86034690924
1898.1990782815
300.26733471758
998.53191612979
158.89159482033
3.5815151426505
3802.1192153643
577.72862959415
350.87773857544
2211.9823858013
107.55764517918
126.82414218034
571.07679591917
739.67809638331
182.53109232663
120.08153166045
441.66601900943
326.36026255611
34.814036212713
244.6130341439
232.87915285632
222.15198995505
519.27166833978
496.1879418696
891.62972098396
1.7531079984071
340.89726329589
632.35113264689
1043.4492132236
396.85546223548
549.84219312599
387.89006540724
3955.3617756782
1624.927246685
1496.4030665992
1707.9126518197
597.02801893998
7886.6004405595
397.59294196681
1.9857164575283
7.018377324338

Rao2 p=70 trials=30
76.617140314198
78.028463368512
11.352008999693
12.648728376719
2.402444644016
0.53314102358169
1.1580185985953
283.7221279373
47.314181224113
59.536456673186
13.571953568175
327.63558766854
19.079791142048
103.0833939469
26.435149718431
236.51107278994
201.81469062477
30.01979489757
28.006185529784
21.310736877945
26.637772325148
220.29536583379
85.697398676566
58.857689982029
155.03809025567
32.137447577271
35.116531018472
154.84557577203
40.527079234345
23.341263848174
100.98091905039
109.32987146423
1.6688176931213
22.438155281133
30.874051396452
17.527689212048
30.716374215739
381.07643621031
16.781140051439
57.708413343795
971.802144383
2276.1081938281
1268.6463596262
836.28365855951
330.30513836309
2303.1842537458
376.11639004533
222.86657758584
42.022684791522
442.73246852449
71.215202688179
129.96588223535
649.4466984331
1857.1261633382
303.07036068128
1002.6349821913
169.94261358194
3.5576695000647
4016.8961148488
616.49389615716
363.37566418409
2286.0383994611
101.35166333145
122.50910664465
519.4968096457
711.90525635327
260.16139971973
84.298201938831
457.36748977437
301.6613055838
29.845781939104
207.92769435877
211.40096563975
225.15730178038
552.62205316104
588.70710976574
825.82281824724
1.1291980691811
352.36057661479
576.13359095187
1105.0602834527
361.81744657943
522.46238893427
395.46493723103
3963.6386141332
1607.1998533942
1375.6311526258
1681.5446569569
601.12281839412
7898.4742375036
382.63695511466
1.9969620030328
6.8475491927908

Rao2 p=80 trials=30
62.21656103412
77.962367167633
12.125033742896
15.373082273627
3.2987744588327
0.50200059571845
1.061755289415
281.33785950715
52.527219276222
55.104315044178
16.813782737982
306.52404494294
13.365822711602
110.25435886653
24.286963432536
251.42348179493
251.65933750214
35.880725710636
31.871258502553
13.343756261363
21.156464309775
192.69487680698
72.191896269393
59.534348632539
164.86676831199
29.794995600528
27.818061090455
130.87086352747
30.853896104868
24.231055476913
97.422983960932
87.983559232219
5.0155036157647
28.479239462616
30.81237139673
16.912044829885
31.9326996078
401.3181445008
21.101037088598
73.556075365015
1117.8472361943
2235.5694596009
1261.035608995
665.63745364777
326.96360686125
2304.1664593559
324.88952898385
210.96796296946
37.604758680153
459.16268937133
73.410659980312
122.13934258172
615.86367881616
1967.7768551184
303.82342218417
985.98758654257
168.94855423739
3.5814434474622
3770.3890043367
609.69595422826
403.72135074052
2313.3134777545
103.87011434433
125.55317130056
554.24192187808
732.97365361847
277.3501438595
81.634280599704
458.31538446776
286.15612191387
40.20224185628
222.53721839976
238.07852938722
219.06263394498
534.68608951831
618.42123397192
959.58037425818
14.116518156737
330.77488852475
565.8313908594
1028.2273148503
386.88885274117
558.17997239508
392.41646773486
3925.1567272905
1623.9409381433
1502.4375854328
1744.6370417442
592.37951695073
7834.1509058765
390.73666304553
1.979497001005
5.027347712957

Rao2 p=90 trials=30
70.124217312958
86.854172132726
13.415920252003
13.110321985531
2.4275868054563
0.81086134726799
0.96761265319242
258.1502374714
48.815072379062
57.114158997556
15.383675819159
316.6932456565
14.881108960923
134.27010846698
29.133193898473
253.82045176377
249.08937022378
33.695119927684
33.776220357572
20.370349714057
28.043888371796
216.92543794138
67.033839413146
55.425934666014
147.40630532694
31.223170135937
32.831612247843
154.5172317028
39.823656424665
23.743377901039
97.256804291984
140.62070575037
2.7779184034468
27.764147246356
28.733108006775
23.84415065515
29.690520373802
400.18130273682
14.514727265448
69.561420290169
1145.6809879635
2294.9622380979
1233.1919187527
781.1921207068
336.52698157196
2319.4576170348
302.52159239201
181.75777364676
46.312790180169
456.46820324898
77.723244900566
118.78246081679
654.16286698442
1991.5668582981
271.74344946804
965.60996898578
208.21295311193
3.5172151635758
3016.6710875602
618.15775245149
350.29027558822
2183.2307543056
78.556609623207
120.8472843278
532.68306306922
710.60309586866
259.34368087616
0.34282019874684
386.20533236016
342.52093901518
37.415773288373
181.70021341171
194.3785019448
224.3804002253
536.24425287312
575.57218078581
956.22342421461
23.696598625682
359.09755932241
532.12888247193
1084.3800096257
290.79135934095
540.59731184213
390.34034755598
3969.7178186281
1565.298449708
1401.7997934481
1723.6414386172
599.00522455263
7908.7725824813
394.230144585
1.5665320944445
7.9166549816317

Rao2 p=100 trials=30
82.137140805041
74.191241326914
10.252131994897
14.241901162434
6.5818866579851
0.97548987291396
1.4289485791985
254.45795636978
50.229552771594
56.991290609186
15.905546486822
321.19894252462
11.396671361933
97.712457994013
31.285778072505
276.73681748678
210.26277892458
26.140483544283
34.620070602479
23.120465198486
22.365061086321
238.50231913323
61.985874932553
64.61868688755
137.44392502605
29.481622879985
40.017314102836
159.20112459662
27.888138538824
18.527958059069
85.023348079774
115.59297951418
2.9731872618299
30.437390171552
29.648056282416
15.698925265637
23.74116172466
352.52624133402
20.972603941251
79.616252740685
1082.7235379594
2201.7669591827
1205.2198316946
854.18176204928
331.84790978916
2337.4840623527
373.25116521267
207.5889670333
51.259980175403
473.77534873797
66.86078777899
108.27804849417
622.15370150971
1900.6702783691
311.31997483769
1036.3552795402
205.19591596299
3.5141587376537
3539.9879387272
614.3014012309
376.10334161403
2267.4997634315
125.66593558187
113.78979354842
553.64801821592
714.28560657445
160.71434342932
83.740177988623
508.94187532988
311.64607895353
36.388275834921
201.40867358236
219.53497965232
222.06613347407
537.95282242629
595.29143805258
1047.5303705941
7.3669118350335
323.61518133006
633.41406202657
1096.4416284975
379.15529401643
549.92358892242
382.62005879019
3867.5734808923
1626.0196765305
1497.7788142415
1739.3954789806
601.58618837737
7970.7272012694
407.07342695526
1.3450159694414
5.4440246090229

Rao1 p=10 trials=30
75.953978379294
68.029775596392
10.527692089777
12.228704311374
1.2966922468799
1.1048072962973
2.0026030520302
275.72397236828
50.730893337055
56.435805169948
14.25226088946
327.54097023264
17.557120556814
131.25188800863
23.12898996073
203.56982961531
198.15532637139
34.406865824831
31.949778344671
11.403002379986
29.384439876592
214.33085535344
86.305916844059
60.52957369969
123.76672601873
31.085191040848
29.440717841575
150.74116084318
35.273727671102
21.644168625472
92.143199167044
126.46829025155
4.4446627735386
26.631107605585
25.783871106577
14.773777611697
14.337357352412
388.03300767926
21.034827001796
75.803010554967
1013.0685047574
2248.2474044007
1242.2251043711
752.0301267246
347.51449863184
2276.4885183958
350.45701266984
195.48204192761
27.122785469156
477.8732631124
76.663372492388
123.76536361451
673.30395466009
1885.4685911047
290.19369529177
1073.9122355091
202.27614617136
3.9242741246111
4166.4480075313
618.86352572945
363.10462543888
2169.8293080699
117.21663325356
125.00290971889
548.81730317807
753.5479776973
282.80311398029
109.06638069048
453.22591548134
355.83415606846
25.426594807159
215.09557277143
225.77094830601
224.17752272626
549.30939099704
627.85495718356
1002.4179437579
18.555343092663
337.74949564453
608.58220383608
945.15882013128
349.06855524819
531.76403785
390.80715975728
3759.5286898114
1593.6707145629
1469.672766528
1690.0163891502
597.75206795396
7855.066894073
390.57936959945
2.4679696321038
5.8820606504936

Rao1 p=20 trials=30
66.856673453767
65.031442598625
10.225565799773
10.003837797052
5.8036695271729
1.2202416843878
1.0081115540336
275.85220173833
50.331677387736
56.069075140167
15.023237845619
323.98617217612
18.171042553868
146.17627900301
25.766602498625
215.86691340841
243.82744156977
37.721159594255
27.75784478969
12.370908374808
16.36661191404
174.82485718697
91.262989435971
58.216697170459
164.17485877449
31.787168732815
26.68851962615
162.83695279329
32.196993109958
21.308856471115
97.302934332655
131.49087045186
4.1167924819988
28.871902847007
36.968243056905
16.989479933302
29.59401915037
389.73534783073
14.865975736246
68.959082952716
1090.423939409
2250.7794452002
1239.3771758866
741.27625814179
302.40759332539
2261.0848163983
377.96528664202
199.99105352848
26.600352472112
489.5389923753
75.208383137462
127.02493570355
662.11517276787
1924.9168016196
311.31575147877
917.19000732851
192.54899067047
3.7119497106692
3579.8456229239
661.99482038133
342.75796957396
2242.8559087713
91.984981962639
123.76077320209
549.00926223028
771.85002516472
249.49137696262
67.84643474191
420.84314656818
344.42299365663
25.162126156068
220.09962170981
240.93236988495
215.24687756785
536.55064421367
671.20506361071
1004.5970817037
21.110320866802
342.63602728978
618.2891042191
1083.1776552841
386.07581426692
543.69630326017
384.38026234159
3702.6144289779
1572.4732271778
1456.5494416143
1749.6657539673
595.67642524399
7837.3724569604
400.73978768923
2.1565255803517
5.9797565508525

Rao1 p=30 trials=30
69.859101870042
77.972707749072
11.375694637221
14.261934183814
2.3633797883518
0.5403169193802
1.2198735860277
286.00056816873
50.130909522385
59.595452839712
16.015112699071
314.03324291664
19.015424234273
110.16714918747
26.884055828202
290.18062698067
183.71194045362
30.232491907419
35.098536815157
22.005325531295
24.23773881898
234.00145724992
69.061273204129
58.687288819052
137.94955308828
27.24464628107
37.867748851
174.98591476521
31.02189658784
22.712349561219
109.05117572717
114.42165805262
3.8405609899481
30.146058068591
32.770954987002
18.373819748863
18.118226242887
379.92909900559
17.237650113533
76.857640475875
1113.367645024
2294.1678765213
1262.8514589787
891.53847942231
345.12751779
2281.037761889
367.2129718129
209.68769373035
39.17734749067
469.43803306862
71.833975187079
116.11787117448
643.4632443869
1899.0189339955
306.10718984946
985.33462390842
211.14281553962
3.6702431499868
3431.5587100982
641.75836820586
363.24814419147
2182.9463246887
120.53533237057
118.72883026248
570.56523273957
722.02311969035
120.94724251692
141.22124384918
466.17469880768
346.33786081012
37.211030706435
224.84393509616
230.36707289718
221.84893210138
551.39216757206
593.23110044755
956.2656238336
36.992918722817
356.16263592647
596.97262167343
1156.1866853884
352.15456005854
526.30547754496
380.0540154554
3977.5304126797
1577.5029348318
1413.3916394858
1748.7357803126
600.99177853512
7844.3988835856
376.34338034364
1.8904255760082
5.7839913668569

Rao1 p=40 trials=30
66.185946024307
73.104439890167
6.7617523856171
11.706055310402
5.066731457419
0.91289769701229
1.7515966696354
297.45653981057
52.290474618979
57.267732174876
14.736936149475
318.97772503484
17.985251435244
106.39737505967
25.277701801737
263.05948623644
223.59183505717
26.487168060085
29.000917848959
9.3972639490604
26.587699975506
217.27735563405
69.15877515287
65.744934254258
130.61502166267
30.902315206623
36.895982869889
144.10158159377
35.254941352088
21.810146857494
88.13099346803
108.07410012818
3.0477221739895
24.690223923081
31.928331367401
22.43898657006
29.14951266552
363.56520865592
18.989521836925
65.313302561894
1112.3875699643
2313.22535738
1218.0819319305
760.74988276209
342.40397663768
2193.9856668718
360.83828502561
206.46596705811
28.434096336787
474.63253305996
76.310512588674
106.0746438191
681.74402097247
1956.2205849587
255.72607628181
1031.1258646831
189.97596040593
3.6459794539514
4037.5096736645
603.8238828482
383.66805095865
2298.5672770588
100.28089944423
118.94598068686
584.64221778218
696.6254135976
280.11545018691
90.94010325771
487.29784999304
348.75208875834
31.237759185375
206.37043715716
221.70871260454
217.65751716695
509.88390251133
619.74362756335
887.46986019076
17.716107513134
342.26118412368
641.14703647544
1084.1712303191
377.66855355204
542.2909220117
394.49386307947
3920.6364836522
1611.1252971188
1542.138876074
1738.1709398837
597.36305932344
7915.331481568
397.40788466618
2.1213391792599
7.6293278115628

Rao1 p=50 trials=30
75.594485014957
69.869032951383
11.114335316073
8.9389886312729
4.3542461888386
0.75256417667561
1.0861144307675
257.26562262698
50.856213452358
58.934577425861
14.315623302795
318.6859156243
15.034645761098
76.364836142971
24.550904994736
273.97074747597
197.14381413724
37.543217421323
30.461830283849
16.262273872177
15.569228464065
231.65295133163
79.94795830224
58.81954751012
142.56021700918
30.581978243961
25.46038277201
135.97769841357
33.668985320216
20.15376421899
115.68199402952
114.18783687927
3.606087067988
23.541536375772
32.842451750722
12.551409024057
27.035581816015
389.46065145666
20.494089904969
65.736417969418
1090.9288858804
2285.1523256123
1248.2565523066
780.92723268123
342.74322008734
2301.429208753
369.1211775791
210.39134490755
37.686597101335
467.71591622288
77.23160956403
112.80636383342
625.07056190853
1992.0628012623
291.92894342848
1052.1521970698
181.25505029965
3.5458137166609
3612.8230362866
568.92783351777
319.70632889779
2053.1468942643
100.1109072213
126.47728650992
517.85932224702
741.26597991277
299.23724027988
98.398919827973
332.39633152257
375.63402793444
31.739873810975
241.66405976803
239.17695561225
216.81093815755
527.35044817664
595.49113715274
970.91080373286
23.191025992851
342.0957541989
602.87802927527
1041.8442460644
338.47875081116
550.28256882067
392.87725915954
3938.4465387314
1621.333255472
1533.2298875544
1701.8713399464
601.24511629457
7779.7459012654
405.5253934053
1.5274982910826
5.6869518951909

Rao1 p=60 trials=30
79.997067600949
90.970842174393
7.9551218840556
11.785885717958
4.6587064613531
1.041645674762
0.7812730933994
275.0723163991
50.277734240735
59.582981552816
16.230934499505
313.90774440155
21.03012720523
140.40179676359
29.259721725949
249.05381626934
174.30574501624
30.388433469963
32.859429436766
27.089230735485
25.083619322738
235.52092714665
82.650019815075
57.075670577653
143.30583510356
29.258259660553
29.940234111291
119.82546735178
31.221871259115
22.191463862107
96.71573802329
120.04504876126
3.9798626575717
20.772863529464
26.268714508993
20.293373936912
29.496309811411
375.44558832888
16.527196956379
65.874497079613
1078.6983719704
2168.596643631
1209.4667488931
843.62128646217
342.27327507426
2314.6910987508
340.01638267744
210.72734239255
26.04180896744
479.11208105446
70.163283270247
124.19646687727
674.96247686856
1790.9177606905
303.22193580255
1019.0471504298
161.2864208099
3.6015872064944
3465.0037872546
623.09086265832
370.44278013158
2188.3796564557
93.60816144744
122.31715759842
602.94081444908
762.84586193201
344.58238859814
95.798737000596
485.55931395579
321.94940958219
38.312470961837
227.81207941564
230.19654404756
219.384814041
552.82086851215
632.7386450178
1011.3968054339
16.145202576645
311.6319800524
628.68799816031
1095.929861293
366.19707841585
510.08941984058
388.91721396654
3892.3476735108
1627.269005061
1491.7908082587
1752.3959383868
602.94030463049
7800.1493436397
382.26302012572
1.1462342602887
6.4700066651796

Rao1 p=70 trials=30
75.676957519096
76.429511250622
8.6229767637796
15.609446664239
3.7506742762976
0.81413071008833
1.3489853316093
266.60462430959
54.006672400716
58.090192477181
15.959086018519
324.40919990987
18.432080664943
78.453154527784
29.866768328986
215.83409547752
226.49629388629
31.230055445857
33.174615500134
14.543908031972
13.201430322974
204.55514512792
55.659122170254
64.355724025424
150.86027597268
33.515931152172
18.340425129576
136.89418954421
48.67252070966
28.990491510675
112.92480629002
118.20344208708
4.5659597753657
27.092849646297
25.728917485312
17.495225526819
24.792508462196
317.76378933226
21.676300979674
65.419901616963
1001.3332931532
2260.7953794222
1225.7974711127
862.27761914369
322.27667195366
2330.5268731467
329.90973296471
203.80175484864
35.656615645206
478.88487136293
77.04462813797
115.77780806922
667.78180313382
1953.2768472676
279.55211974837
1063.6595997612
161.18283757658
3.5793568827521
3228.4109170805
634.78782458501
378.59110633153
2348.847274919
92.534075272097
118.73724305663
547.07008641189
797.66871980699
325.30148604688
38.995314101145
461.98097208612
369.80251624417
38.879756373131
199.46074926256
232.2270566773
217.49724807501
530.90068417625
655.77217304173
857.47070446176
48.156602710398
338.36373747502
590.58938139867
1090.4192232391
362.96698345862
540.18866210853
398.76918063431
3956.0204091553
1589.8920592606
1434.3104200234
1757.8524727778
601.62846069975
7737.8559268971
407.01591351233
0.78383311716043
5.3381627428622

Rao1 p=80 trials=30
64.797294257164
88.188723291923
9.6580227082331
13.137882534712
4.633571715641
0.87267740910206
1.2735757078382
265.66877594214
51.316249197818
56.132773210777
15.915199086652
319.87348008723
16.583057011989
122.01767417812
24.735909673352
219.71986346851
188.08737163614
24.011396322962
32.238682155234
26.63931746893
23.394515066704
201.96459061119
77.072445310606
62.406343604465
151.71318509078
29.211494202509
33.204447896789
158.71339313155
34.251003991785
15.973156100414
95.126082804402
116.8810613372
3.7189550021118
21.652458073878
26.611505903228
18.244171693143
24.236087206477
338.88974679332
20.897645939536
69.579603557407
1134.450242448
2250.0260517418
1203.0811519532
801.91756191221
270.45561750253
2247.890048699
349.42994567301
209.51642360342
39.194388091225
464.00188488719
72.661312148058
119.14575853281
661.04928260208
1834.0551884852
271.80011307212
1006.5258226828
163.11006314542
3.542958189198
3206.4154749831
620.84980747297
359.43824152705
2251.9375111525
109.60249032907
111.64260989791
569.50579861373
714.54862642613
266.50353898247
44.274776885252
448.22188657287
362.69441078109
25.924464240137
251.04831005688
209.63833616909
218.34711405908
541.92924685663
581.32827041841
833.78757353807
11.591899994754
347.15450141514
619.75605398066
1083.0608573819
417.58460608997
531.14388966026
389.81528729629
3953.8986862115
1619.5219243234
1462.6314610209
1664.0789829709
597.43522245712
7822.4950645052
385.40349601885
1.6809228757968
8.0494543008019

Rao1 p=90 trials=30
85.648921598451
72.705416066425
14.956359165315
11.529686037706
2.6856633890188
0.7280744033575
1.0277422957992
275.61372442924
47.845366238363
58.218884042472
13.648609171954
324.57950671964
17.334383814247
68.600913947821
25.678880679328
279.78370412378
250.64488948107
31.292910584848
35.973062137317
5.4005897853634
15.464378383828
197.17167350611
71.124679208495
63.850201404915
143.82142282302
27.963118050262
30.824408272149
176.82958245385
45.063243567763
27.407814285182
105.27168204014
90.705961261777
3.407989616913
28.13662018225
19.475868957951
19.445233184775
23.382222897078
359.33459071252
16.857577951703
73.019106302082
1078.2062454668
2145.6353302215
1188.4003846999
811.80306404121
308.68397286554
2285.2453434461
375.37648487447
211.57657895966
48.975839839326
447.42851369482
76.218691476944
115.23595555424
600.49185955695
1888.6031505406
242.6361802998
1051.2644886218
176.46636449615
3.567811309628
3862.3700031642
523.68580516202
372.36085426964
2254.2410541207
110.72628181682
131.44927592379
569.37963597464
751.96999754029
120.40739380792
107.97890133945
506.46000725912
368.6475897691
33.012640653011
236.08500143615
258.11258630336
217.81133922686
528.93723265432
533.34687945732
923.59806957429
10.320431548542
335.4220596964
585.41613757331
1146.435175855
328.83272666347
526.03854786416
398.59023701929
3797.8843276868
1590.1476474709
1438.8834835667
1712.6080013241
601.29139327009
7655.6374001872
345.33366493699
2.0393564240474
6.9914052410746

Rao1 p=100 trials=30
58.135717710584
76.946138128209
12.459313229185
14.083396452692
1.4510587250753
0.71105611659583
1.1093858295345
275.10198423723
45.380827455774
60.863676404986
15.406118931594
318.73072839415
11.178393378341
110.36850819557
26.8235205557
303.34446087382
231.51939516571
18.667035441767
29.973768053987
14.666712996788
16.374414488535
211.43519691661
66.946243601384
60.521218118023
151.46133916662
33.782957999093
32.83952377126
125.42174602549
41.528886392152
27.766931975878
113.29808360165
131.21765469293
5.1787362167789
27.400755593529
36.349276055497
17.770959393793
26.496886448264
343.66428785489
25.474436135181
76.670802017232
1039.3778117876
2294.6634987645
1214.1554126421
824.07175197745
324.18060177318
2298.6225946582
357.61228369241
192.04495427648
41.841512278033
497.35073065074
79.839696163746
114.35587037288
648.71583516928
1924.0344856868
305.30203988178
1022.5428754419
187.81271100015
3.5122892273316
3454.0363945771
605.60655462384
349.8966841818
2123.9569641286
110.28895461368
121.46647371681
516.29152636654
778.12506340807
195.96748748647
95.473751257747
406.51642123479
380.26643496005
41.282543488486
210.40784331984
233.43908092964
223.11383435317
526.77031532984
671.24816713324
765.61821129391
8.7385909672273
343.94490705462
606.87622820566
1092.6958979915
374.40996833211
526.5023527961
386.06997374569
3963.2570792068
1607.3517539744
1437.094328212
1712.440750662
598.00558750811
7879.5070008901
389.39323938827
1.7582810261082
3.8488293478232

Rao1 p=10 trials=30 Chaotic = singer
47.113691790545
70.479026190986
6.0745789907353
8.6932535258281
0.26490648950695
0.40449400839128
0.67537262690885
273.98937609649
42.385717746887
68.169790456041
14.311304289494
343.62268514504
13.513307046314
37.331904082547
19.482068133043
251.14304644409
172.75518694009
9.6212082096623
30.463951208554
5.5923789451219
18.73184265945
199.0089403064
45.841375663904
72.410500987854
171.0009526497
26.869650278188
2.3033825069939
106.33085695569
16.782528699927
21.6521383101
62.350803145799
94.476646166335
0.45335051284791
13.622595160337
15.993235176663
12.770840136636
14.925087655439
382.00803587689
12.477455309728
68.333805825161
810.97317211689
2227.3602020914
1157.7286781058
704.31738444148
313.17316796812
2100.5909758528
336.49603843531
205.54878824689
29.806894735198
498.83415959594
54.014610885488
144.39585245481
563.96640249424
1899.4684826651
305.97993353689
1017.9746124532
125.45845784929
4.0519892372498
3087.704167684
561.32355384181
353.29462747353
1995.3180358533
70.974896696944
138.51479664686
515.34731855231
734.95085677523
123.52357099228
7.8656889345491
381.43479201206
335.6438161278
4.7117322770089
174.37755588592
206.63903214296
214.20592599915
579.48074784632
548.09615151962
532.29825859353
3.5239638726931
358.74540440672
615.30004630658
1080.4535574714
279.76751566387
476.52363350729
362.82765874384
3599.4477196603
1559.4157022214
1321.4094312209
1432.6622405893
589.64469516782
7528.6319160872
347.96948344524
0.56758768386798
2.3005048311075

Rao1 p=20 trials=30 Chaotic = singer
44.154884827105
42.301370589768
1.4419945952731
8.0203690999588
25.2
0.020427526117791
0.23121641159594
261.96195582226
49.158691336897
66.895194419381
13.673623990945
348.04871404488
7.7167574749758
56.151178435108
15.864145695273
238.30059423978
208.44997355616
5.9029942782458
30.020830857412
10.701856514486
0.90614840869292
170.12438251027
47.541800282972
66.921117616035
127.48114097342
30.417395750849
8.0305758048989
86.176107773604
3.9234351387808
4.8812582569294
66.014097872721
85.133251758678
0.019876087209791
14.80340000742
18.744578343068
11.163464728331
10.060225659798
370.45385151273
8.3459811349282
57.603700664732
1006.3867011104
2178.988006637
1237.1381073278
771.69469952515
328.21948202496
2115.6034846556
318.39842341167
194.7907454135
18.258145837192
475.26564402764
68.059626018329
139.14052668692
595.17561174839
1839.8052093138
309.92318810704
819.97102487416
144.8521301349
3.8126618003307
3053.9864282783
495.3200239383
321.28046119425
2132.2260460528
68.834630512685
136.95686345221
550.38926804298
690.21196101575
170.90577034828
49.500469053747
456.89032402852
303.94148295055
3.4423319267865
189.05225639972
179.62421714329
203.57420580406
569.87360915826
372.99344589592
719.05613265052
12.813556637858
348.69620297899
566.94593986867
1022.5606087598
374.77931454707
514.86409576821
345.96354612068
3529.08217648
1501.5175275333
1362.0396437482
1618.0509167323
577.78068948272
7407.7034258925
369.44557359796
1.0894458328807
2.0911678052342

Rao1 p=30 trials=30 Chaotic = singer
41.54954897507
51.831560438438
3.4574102470638
7.4587693077856
3.3376567362096
0.20391605051258
0.055035166511285
240.84729231057
39.464994756675
67.52876553018
14.310329122389
336.90725436976
11.646567369013
67.382683525375
19.626766587502
220.43530246204
54.853003055785
17.964851039167
24.794178670203
13.597521394565
3.4186587472039
157.42743192384
37.837594552702
65.186157536293
136.61639505634
27.631251278999
1.3288637414458
80.740696716863
7.2071410689137
1.1563469007752
81.300145226164
46.165210287305
1.6012582344378
14.199395030519
8.2597744549422
13.460379775977
7.2392211333635
370.57581735925
6.8857544891726
62.275839772679
1075.5750478022
2263.1217877515
1265.4322046476
707.46277485061
294.97927377065
2070.2185817797
324.53840709489
202.1469949367
15.371982600173
438.28288105711
61.345499654685
138.47215697402
623.54089697133
1834.7972951639
265.56188862722
659.48503385317
140.14551517572
3.7593580896861
1379.1399700369
381.30644771159
329.41183204703
2170.6057437683
53.231034758753
137.0993540728
577.16664820473
654.66973285883
22.962992124056
62.592022784199
304.38598228398
276.33499825416
72
172.88828820331
183.95606221921
216.38209739076
582.95897885821
502.13024637176
454.59884768837
9.8100812105986
349.06784474136
621.37841176367
1004.3771817844
323.9516857955
484.24496728096
353.93090868466
3543.7234448435
1476.3655292375
1295.1312896933
1640.7086337069
585.81915448488
7809.7147068113
334.09477002473
2.0485510856913
0.85090127420214

Rao1 p=40 trials=30 Chaotic = singer
37.900068505714
48.152873178653
2.3890931104369
7.1175572563363
3.152152046253
0.43981433170254
0.65427543718171
180.92764498901
38.865461475141
65.437010363658
14.083774865349
334.92053178967
8.3211050705888
28.283741296193
15.191052884064
166.06851734092
116.56806960769
0.2280564731659
31.940585918546
6.7643676157585
7.9596664302625
159.89489218402
15.5994772742
64.714433015431
110.84108141406
26.495575355963
5.7916395199871
133.63882576677
14.085514070917
1.5155785821117
32.639875546449
60.91564874218
0.26299644407879
11.349970675968
5.440391528646
7.499389271414
12.867440022271
370.6631499993
11.187365413083
60.955816645085
1067.5396676089
2162.6436612857
1258.3660648055
729.54642663879
324.90689720528
2166.0122431994
309.00201963472
252
13.948392035807
465.26016246779
70.501831207061
140.4284711506
494.61025359197
1848.1616396859
275.39914831723
808.5628293822
139.67478034113
3.719892819738
1483.1546971219
502.19069861479
307.69028282488
2215.2489906536
74.28377756795
137.92162361792
520.92844232543
782.39951118832
245.31668820778
36.558379198511
348.90465496895
256.36768684516
4.5690577176161
88.334190664302
189.24176691555
215.99713672841
567.17316058136
484.27984508019
684.34698631024
6.8196132313737
331.01388691536
608.28373355189
1122.622951049
321.88671195636
490.34933199199
360.66114995084
3630.2654568612
1532.7585873747
1415.6947946321
1705.9372802171
588.48031646038
7589.1276343587
366.05675049952
1.4221092932432
0.23170049077989

Rao1 p=50 trials=30 Chaotic = singer
22.764544707053
37.514767166733
1.5311763434953
12.983180881999
2.2716618738514
0.32793070185729
0.46517197988362
231.34883708297
39.18601237544
66.19497986369
11.470983775685
339.21164414356
10.375144680784
48.812814241369
17.747347396514
202.45540385552
176.88337001915
8.2888705409944
28.185021947937
21.561043967392
0.64692197777382
155.1408120537
24.872023273549
61.701102849238
104.46463968338
24.227950236787
9.7629858476377
103.16108642201
9.8509821431384
12.878066386554
10.44908043458
38.574202770069
1.0745257908697
19.025619262524
10.578532269692
11.871444374914
10.862947757212
348.82199398056
7.0428239626934
52.916826496143
1010.7121747207
2170.0659712773
1173.0890908502
710.83516471546
310.59121183277
2119.7013361252
290.07911802082
200.8820988942
12.403472547052
490.37998000221
64.483988249844
136.03831585713
568.08450234074
1835.675080264
274.37980949978
933.92301376808
147.64482728935
3.6317364434531
2948.4290316007
568.48230875702
458
2097.1396293281
37.892477526559
130.62821418381
526.89275774413
742.02769179169
273.78490175986
6.0489572559702
346.84568705376
221.62053446236
9.8461858061907
120.03289928582
153.31407762119
212.36756195571
585.50613901547
504.18788275143
778.23152158695
15.690535758893
362.16875918741
542.17059813916
1053.181239973
293.20927189212
485.46618643372
350.82792169041
3790.6691951935
1495.0602969064
1361.0345954268
1737.7471910253
586.65374551615
7369.0001912178
324.10239020593
1.7417557556135
3.2325438092038

Rao1 p=60 trials=30 Chaotic = singer
19.212605482024
47.571926358102
2.4135730310743
8.7705281882701
2.5570622396929
0.14856150558629
0.45054190178601
226.42535561185
43.084465213401
65.56914674125
14.229684649991
345.90601387255
10.413357944786
35.132369518964
15.576611832696
182.22832736114
97.930284823271
14.145802780357
29.426799183363
17.394531964533
0.10775991417627
157.08458411902
33.660225162448
66.313005920748
140.96318495206
27.76542577312
3.4872214795201
50.55944197872
13.684527260381
5.6295658836039
48.906457821659
45.510852092068
0.84602536367396
13.795319385486
13.385448338044
12.584610260507
14.14789279303
357.67451842357
10.337284349901
58.797035908922
894.28287092862
2189.3626369268
1171.3387536498
618.97495095557
300.57445686861
2184.2737464161
297.30489439054
203.36375577843
3.1830103088034
412.66729277617
67.972878572824
139.90634214016
649.57011981402
1823.8236052368
257.14553625176
748.05281610438
278
3.7233993273297
3202.4859239513
546.42670747637
360.51533821602
1764.8187625386
35.482645150513
132.37036104615
636
714.93877985579
158.42188935549
44.208701944372
302.90746595792
239.89137687874
0.73587792777646
145.02683444586
132.84148232095
210.35150110226
575.56202013568
475.45768704408
893.58378402271
25.539500781598
341.95943317225
520.48646364527
808.6959099511
314.09993817707
502.59010811958
371.44766101315
3591.2869870555
1309.6579206111
1284.6670215239
1492.8529679013
585.86588500348
7484.5177284219
350.76837651824
1.7305747620974
38

Rao1 p=70 trials=30 Chaotic = singer
29.896378633314
29.452343520212
4.9500574287745
8.1767892905085
0.73734280958265
0.37296971007803
0.31792346284293
240.90690606719
72
65.162784612935
12.040035002733
339.93485328494
9.2429013632164
31.210070325752
11.501580620103
360
132.68363947079
6.3042987400886
28.744799974229
20.799105427882
6.9934474650983
165.21860542458
26.6455344985
56.817475894758
125.01591575965
23.334045194216
2.6587180668485
83.234118373103
18.733803533461
0.47033360076246
48.556345058895
30.232753388967
0.015485215498
18.548040285316
9.4490578524993
16.209618483013
3.6041710414517
359.19138101993
8.9169415458708
61.628076113812
935.64930169813
2168.1928003646
1048.204696132
676.23015759353
242.95615374214
2087.6264008967
315.35562071208
201.77990136887
7.643869779571
419.74191254558
62.443478281794
139.09371448427
586.74486619206
1693.6852650457
252.58397668066
732.65193302535
60.338154665699
3.684418509943
1677.5464421221
617.01021796531
280.92758558559
1894.0318991278
41.280637413749
133.56920756042
550.22826364306
710.85062336801
52.761745482759
45.285431089741
363.14200804793
280.48957608016
0.30847441431901
79.245234804873
136.59744928451
205.65318523622
581.12316297604
387.0696719196
585.08945579124
3.1261681904572
260.73917744207
564.12239938531
924.2026079824
294.11385152146
487.48051634332
360.4517253877
3533.2401958292
1403.524064437
1414.0465676263
1618.5355775137
584.36701472308
7260.2744425747
353.23297242985
2.2154988370837
0.087917971663707

Rao1 p=80 trials=30 Chaotic = singer
27.95604354149
45.129971046195
3.8992889168558
10.402965547364
2.502699809637
0.11368150099742
0.23116397208393
243.73393067294
41.531451135346
66.850813956225
14.013951336251
337.04245404875
11.085864026955
5.1458914539815
13.014081580679
59.328319373614
52.617393698363
4.9766519053099
24.843358357744
0.099734734377591
0.40185677078264
300
24.250235287282
68.380570181313
94.994149054322
21.85518150966
2.2150093914944
61.559565411482
28.186876700021
1.3459562051016
43.827513919923
39.569716692134
0.066259920757357
11.930304694094
8.1659338824234
14.540691756839
4.1250931601997
347.51572198369
6.5310133080676
55.961317552528
1029.7229384319
1898.6388372318
1188.5305021546
712.3960480854
300.12544728035
2182.3863728967
295.87165012693
201.59565665613
7.3828286614332
412.26368645328
60.710587631455
132.53254744415
570.19060545885
1818.1459786946
259.28620164248
883.39837429306
112.54687403081
3.6552419708516
2514.9822435087
562.21881804442
319.53378882649
2122.359551434
3.7404680135228
135.36232383149
504.10990129864
679.12346542546
120.32390705357
62.803862148989
352.62216923687
248.419743264
4.3616158742523
110.35928622902
127.3912955399
218.65307543157
561.83812860023
504.66105144993
861.88407154206
37.657737996986
322.71019872952
570.36359670414
944.71589765223
301.81359383443
496.64382285138
363.06178358509
3722.419322932
1511.711125321
1357.2173857116
1691.1806341703
578.12594576367
6891.0708543994
342.83282482721
1.4266066514591
0.63236360526479

Rao1 p=90 trials=30 Chaotic = singer
40.385566648027
51.954839792947
2.1735203798484
5.6963606361679
2.8497919049628
0.29962250604312
0.022770554139916
225.53414488584
44.063139764577
63.719854616918
13.490904510614
341.3260133267
11.133818253873
12.699031150355
8.2718235032639
196.56088418514
143.11250406026
5.3161690665094
27.862261602557
6.9247363598603
2.1643532168245
164.68982108274
11.262011048761
61.468699796893
131.15039458346
29.491785089417
3.9008948679951
24.571682492155
3.9247539245307
4.8676704619835
36.145083275515
50.926182034444
0.047781256755741
14.945214067596
5.7334229562509
8.583506287278
16.185352212932
299.87579229425
6.3061579697796
51.633089873283
859.58986223095
2146.964079539
1128.5100515018
686.44584940517
318.15818674846
2078.9621910691
257.6245474903
252
2.6508569993445
461.24845021714
65.473252436141
143.54586702779
564.477571486
1820.8012910389
268.58041138361
683.46705364385
58.837334001211
3.6567748533345
2717.6194717598
438.59034454506
275.07284728825
2245.8589707553
23.640776149546
133.74873392077
467.84887437133
559.29531712834
229.04701313599
14.058411652922
407.59974435607
250.42149102146
0.014532618246093
99.041715699196
131.59962098725
219.29824487713
566.85834507969
546.90323606735
814.50118487725
54.294512291115
346.76787083183
544.90923230398
915.02796805487
325.60503718398
488.5001428703
361.63254793855
3439.1167787083
1550.8242858379
1225.2490749263
1642.0610387628
582.44098380272
7360.5750507894
344.5918318947
1.9686325922766
0.58132665644292

Rao1 p=100 trials=30 Chaotic = singer
31.985733230683
29.718782465823
3.863115873211
7.4395052893047
2.3558733099155
0.083543010659534
0.037049413426173
228.03556807477
41.279426697599
65.340881470312
12.451679277614
345.25189671662
12.365549574351
215
13.834684210488
92.055713609379
110.52717824416
1.5351344898091
29.516258526034
9.8126426594871
3.3585505991552
140.81432457548
19.184992754762
57.75901936067
128.06485444922
28.106079689154
7.0087295573181
17.40172285507
10.185333105054
3.81583445419
26.280752494115
47.897523571342
0.048115950757882
11.255980491813
10.586387932026
6.7451725548284
60
349.63282132763
9.2975906561043
70.764111605677
901.88139591621
2190.3414340048
1218.5277169228
730.06070678898
276.60188719795
2052.2863744795
269.56400527069
211.85657427353
3.0565470255354
436.46222049691
63.326564503932
137.78509929208
454.87332764848
1546.7490544721
295.13101698027
978.01505698839
60.544087290204
3.6310220003313
2480.2633233529
478.32065713779
258.1997049037
2219.2848102692
45.118857139629
131.98770194246
434.25546938516
634.96993294778
122.34890282009
29.595216787378
312.77433541843
81.231593256112
18.022269198038
51.350383613096
94.874929983931
208.17584936344
564.97719901521
477.61210533072
738.85922875513
44.568422903405
340.84888873142
603.90213609858
966.2757925753
329.56245612149
481.78971455604
363.82220300405
3696.0501202809
1396.1092213745
1411.9260634213
1586.7077091471
576.09231248267
7591.933074892
346.80954961161
0.84055374728307
1.316164588981

Rao2 p=10 trials=30 Chaotic = singer
51.586118132947
61.899156511501
3.5451111075722
9.0869803576196
0.69150607814259
0.18711301574171
1.42037423002
276.24828622643
46.038523989335
66.549142705232
13.758628878999
348.96090461673
14.931120856664
61.834226434212
14.295671744145
216.19859440796
171.35736118132
8.5976868164196
33.77015884691
1.4314303504191
10.580728666541
207.89618401458
40.393046884936
71.879150278548
166.38041664896
27.745084773529
7.1267460083352
105.43662887558
19.927081949429
23.443174489657
81.956855093667
73.876971164206
1.1847188977662
18.584112248423
7.3990451274766
13.622617915868
17.556989592674
295.42153904657
9.4263033703651
58.714248177963
964.88196321345
2190.4009777775
1117.9966192733
770.37204794947
323.48089826695
2166.3264637249
349.44663047885
214.72119311989
39.697352045763
475.22129393165
64.702780970319
143.01493859953
590.5743892746
1648.3635377414
318.584007218
923.2838108865
150.14932457899
4.1092012438534
772.20626821932
597.37785241797
372.94048968444
2235.0860400449
101.05511178101
140.67230178754
553.56812228263
734.94993473377
46.063770671937
40.799204773795
348.20822807542
343.99891638885
14.387795593552
201.42881198144
169.68244521293
204.8668886127
576.94261554822
380.70640338728
789.54253961828
39.717775469594
366.02082355611
617.15490169763
1093.2484793324
328.57869460592
502.78548868123
367.48658068084
3624.9426225099
1295.8387716003
1416.5998752774
1575.363649005
576.79992710911
7110.701272633
333.24722589901
0.78181961552028
2.2446063028421

Rao2 p=30 trials=30 Chaotic = singer
55.030259969074
49.287997002916
4.2025764172678
7.5522561314881
3.612862888602
0.028336297310863
1.2042770335035
213.90920986815
47.4082163194
63.740093784755
13.730360135809
347.52220957623
11.276036674077
32.426854998183
12.230862276395
205.87216140243
163.27975798369
12.29261840492
26.835823431686
8.7244266173435
17.314310570244
178.6709808997
49.224429454734
65.377759870543
127.61174075248
25.249951539853
16.528871676185
74.194695090345
15.786915953154
11.164235178128
69.788703062819
47.430594282703
0.31383963936701
16.025123150011
21.42633665111
7.0890128621897
8.7311456017468
371.07374811982
12.536791720422
68.501580813506
810.46511680129
2174.2018635498
1181.7309413893
793.79490638363
314.54426319192
2258.4880905959
320.69773574428
221.64888857082
107
498.45030440882
61.227517662141
136.13286879016
606.59464831047
1851.2955845007
264.13904927095
900.63396625339
154.16632852283
3.7745765199597
465.51031973434
524.43267558463
281.07979503245
1838.1156473357
75.783295920848
134.54163575684
555.11084947784
673.39274417905
201.13475479654
13.782119023774
390.53998420774
296.81696851902
0.36587236307486
137.0280410469
197.96319622649
208.40954936961
574.43073252928
485.71261284016
675.07540655325
81.365181068619
345.02312685244
603.54061866978
1085.3937926816
335.59818515917
445.08080641477
358.55976503798
3683.6444734793
1596.3624728823
1309.4822153747
1511.5458543725
583.82862258015
7363.6585299957
352.47983636366
1.6521565153765
1.2852456507646

Rao2 p=50 trials=30 Chaotic = singer
39.834753540637
40.185759781785
5.343014898029
5.6451807922673
1.1356001612394
0.22278952082274
0.17980435255764
240.96581273049
38.352048446486
72
14.322350897339
349.25049178352
11.77297711611
9.7198070065421
15.704449595265
185.10590154202
120.63129537052
7.992613640572
24.891623296933
5.3340114374509
10.840638094227
145.63720911779
42.193538211668
67.891658028884
143.08403340864
25.743138351112
1.4231719259196
98.132035227575
13.664294071268
13.049510024732
29.57341307149
62.982025081505
0.53937290954492
17.63833355191
12.274329192345
11.771638658048
19.599625188677
343.43724562257
4.5260981867122
62.85431623815
959.92359181153
2173.56751411
1205.0245137848
679.0990551413
317.32507804371
2038.9389566045
306.6324964001
213.77742007682
1.7270093513913
452.24270643708
56.810778665142
142.2781806945
600.4583176746
1831.4800784606
267.79621009594
888.58366652042
91.638378393737
3.779729269759
2546.7628152435
625.61446210134
298.17165273656
2234.3389305986
68.313805883179
134.99431895633
480.61820027292
757.8806182011
133.31659831991
68.146400907263
327.0171495952
211.82549667575
19.490563933187
152.37124234279
112.39153331143
200.23259706603
579.5140958721
461.47157852825
813.01373183863
88.10277653509
360.9141464248
585.61558092301
876.44040724158
338.09304389055
517.20103905996
352.23208751005
3389.934213825
1366.4442751653
1333.3006184251
1588.348533608
583.21960705302
7535.5111929886
324.3963197011
1.5647675323793
3.6694205638729

Rao2 p=60 trials=30 Chaotic = singer
40.348675188951
50.20856906023
4.831401557225
10.250944614662
2.9358903106666
0.14184971220449
0.31548170277014
249.46193070629
33.167909321641
63.8109576196
12.257181747399
347.83777646046
18.319531021261
63.922851186762
13.680027988181
180.41337796061
92.421967964394
9.7939504733048
32.20591864884
3.2546293812091
5.5543026530495
176.0360954297
24.628337036438
67.320093497668
141.62287959827
26.670123338557
18.815880425071
84.491781263397
7.6321676221031
0.015436170937015
66.612073555645
52.52825760373
1.0158156338716
9.6663580314993
25.627140114038
10.837952264913
6.0132379518598
354.00054985138
6.6694870897626
62.401698790018
1015.668555479
2250.5113321924
995.55394219568
689.06686466437
326.87008020212
2224.1115835152
330.1595375539
207.02984565429
1.2522613218686
467.74442234404
70.123318588299
143.1521936463
603.17840197579
1764.8996740935
301.73864332995
868.15303587367
75.451154210487
3.662677045145
1920.2544253345
518.75240709258
246.92818148366
1934.1127319903
62.253397426746
137.61789184666
543.94049616931
646.17234310176
87.480421325984
71.659839189814
310.65099017429
204.02138292034
1.1651232151289
86.695207177606
130.26622628235
216.2898120075
565.87664087905
511.79178608944
861.13603007292
43.023873541341
335.75688829898
567.44771642567
994.95167700002
340.61691060074
481.18746497032
379.16953438503
3412.6302861317
1414.929241229
1359.3536709954
1616.6922272237
582.20891795004
7602.0968760966
319.45008212249
1.6958123360775
4.9790668142873

Rao2 p=70 trials=30 Chaotic = singer
41.304990396582
32.738692176991
7.5859030093159
8.7585187575692
2.448360201054
0.20106576262294
0.34788514216514
243.78142498971
42.397867284045
64.379816571708
11.544453246584
342.59618330471
7.1655143071555
92.144371029339
10.274508174989
170.56288302096
38.892627001125
18.918122040228
30.499752497191
11.514197589307
2.6904992033487
152.95776451593
30.409437644566
66.608050694312
118.37878721058
24.166437335521
12.687167488428
47.334591202817
17.355331333918
2.4902686120806
10.897290861738
35.228195869562
1.3090412930233
17.681036822319
14.977109654504
7.680091662585
7.3678905682107
332.05023431218
10.523614723289
66.010205815227
810.21161944711
2267.6687304368
1080.0270846599
752.3781271585
400
2219.4604075837
283.42425788033
217.77710130434
21.878402614971
475.47080420095
64.244994399306
140.43968256302
487.17867585774
1951.5696498204
255.7584919187
947.30043447366
134.62492574105
3.6968537668657
2167.7100866617
406.34496436617
304.26137990811
2237.0200804608
57.447832923526
135.38370839738
498.8157364723
737.21441964871
142.30513435084
60.019400133811
346.3783768077
318.74531689258
16.931568194852
92.82882059486
158.88853306181
202.96626037514
569.51996297804
587.44456277503
823.45162603444
144.37667351107
372.90642161786
593.91237061252
999.24694299433
297.14906179931
477.35059661683
370.90793919924
3144.0907824846
1483.8898595842
1299.4851221978
1630.3109422668
575.82584732981
7219.08556236
340.14210534161
1.9968956777555
4.2452219651513

Rao2 p=90 trials=30 Chaotic = singer
31.00805267046
54.946444580408
13.782762189499
7.1804348675341
0.8575555381148
0.22997376561003
0.14436178094772
185.77846284674
43.353245915604
66.876013327959
12.547601715607
344.43511043252
10.407355447815
28.186077036163
18.810338616721
68.385307994682
195.92164295501
9.9586550230343
29.148356409257
0.43277214439358
2.6018512508718
147.32030384799
39.220876733673
67.339739819206
114.05286500442
28.172987444615
2.5612988381798
76.42483533262
8.1403797202417
4.7237000037987
59.126367368175
56.166194215582
0.31767284836113
19.03451123383
15.065794294009
14.946820857333
7.9727488738495
370.02436053386
14.994599493039
68.170437689347
1064.2808970385
2262.3533434881
1088.2069132151
789.34590916105
299.27790108293
2085.9114357
326.48457516509
216.62002697493
1.4809863189358
434.84311098528
71.958820115835
140.19293159535
573.40688887722
1838.2032369367
265.02897691027
856.89851159958
133.99211722975
3.6895586224297
2960.4864556427
537.16280255036
331.9818248546
2033.2603545971
15.74477343546
136.28631469072
524.54458628407
755.85684499299
103.92088069272
63.083241294979
335.64010533967
251.87499917383
15.51199877541
89.550935160384
109.63050276729
217.76342557913
568.7662010778
447.93997923818
750.62414090305
30.497013126442
339.64736517431
557.85287873188
990.83468241288
307.7335250133
525.79465142457
342.92470420088
3700.5516183924
1492.1897486128
1359.3250550122
1666.3660763051
573.92766555094
7293.9314241459
333.42163140382
2.2711269463329
4.1816979120122

Rao2 p=100 trials=30 Chaotic = singer
33.842925903276
43.406558537904
8.0635475143394
6.8574037152197
4.3966020918916
0.43002377033501
0.17433242495571
253.34630215841
45.719370669888
65.912905965545
12.287483776612
343.97199531072
14.372224804528
41.932261822244
16.141694350588
149.55233552272
111.35823685603
17.870730559592
28.214946522519
9.7111474711358
0.71477229618179
153.34913017378
42.980863772105
65.490120988405
113.53308745899
27.868448687368
17.078392254109
44.635675941714
10.128113485826
19.051576133444
35.410710180022
37.922381269639
0.97211209095953
21.6266309655
13.309511937391
13.665755910773
15.274458157922
288.76704216014
13.446219974618
64.111337486295
981.12120210113
2272.6152079748
1117.6813571006
571.02377275387
311.45575002931
2202.1797124906
285.12643116163
223.09497796448
2.961451689352
458.32885218343
57.538112871662
155
528.33875252606
1833.4060686843
281.46449610274
708.73382639133
125.43130130097
3.6961413068777
2525.603280294
434.61830542687
322.03347645284
2138.0193943515
30.67688700529
134.70670465655
483.08333683255
620.39218352139
92.04345705771
92.97511418346
367.74817193485
247.89417620426
2.2815756858497
110.04070067823
174.45954843591
211.81463408589
570.87071720711
360.60675806131
752.86065032972
60.149103254167
409
512.98267806268
911.87902273904
294.92638874224
476.89169940401
371.97144472986
3666.6075586565
1536.0845915299
1424.3600016906
1485.5904036348
583.03283165785
7457.7101427614
358.37498321521
1.5587241627527
3.2018018965163

Rao3 p=100 trials=30 Chaotic = singer initial chaos = 0.8
55.738471088616
63.903504631978
4.6004892529394
8.1607488504997
0.0016744524208967
0.016007676599198
0.015812110919455
285.21884172977
27.038286290925
68.401402181788
14.439754519721
353.81601731291
12.158444087705
0.091308674066397
20.364370388552
175.11398142835
123.8559669115
23.603424204358
34.271456426338
0.00791455112752
3.593080577213
2.4829332329747
46.011985046845
72.585678582134
161.56307483122
31.664819678239
7.7011837281296
99.086463809647
26.76564589631
8.8548010186773
65.347401079124
78.303366907765
0.00072031988139543
17.289409574941
18.792248054392
13.304297004942
17.716620149772
123.33333896216
11.207309340545
77.24800555791
273.84780380451
1318.5183533562
491.06805290721
32.727906847375
368.48997842282
1556.547701247
355.67454964287
233.27941589809
0.26826108094923
180.18279058029
40.934997127544
146.14881530234
697.84528361509
903.90023440874
318.85555545715
1039.6951423181
129.42477973701
3.6482809915018
740.12023244587
610.66550931831
386.75591732563
1109.060335161
74.601134396523
143.99580963878
582.05827395068
220.35888991604
0.18564016100868
0.59269566913474
7.6951015949666
15.388004453135
0.58270693043769
145.23433774207
192.40711969188
184.12234337185
293.1628124874
480.73843883366
659.4477114138
0.79334756926234
383.21149166888
671.55393778478
439.89991169667
394.50429812645
381.15545494229
299.90069864758
2476.5028869765
1078.3596887024
900.43394524857
1224.3176559048
550.68690745435
5838.8218369454
246.9002149553
0.0064783893947133
0.9860342862684

Rao3 p=90 trials=30 Chaotic = singer
52.391953797341
59.9997612191
2.9521422755282
6.2385857484522
0.0049715233729977
0.0025928740758516
0.0034802925839212
54.435312855374
26.976860639873
31.054075339162
14.056941593331
352.72114306657
9.2520798890722
0.29328890860623
16.899344278317
181.46072549651
111.74262240477
7.6179316430282
35.608121480863
0.24282029784233
0.059537865778609
195.5033120932
35.429321833432
76.340721147598
167.78964436981
29.618199177112
3.1418097841875
69.824783546914
15.092604525854
4.8357598634029
47.979845665054
73.200014693891
0.027466491634602
14.125120331347
14.1885662552
11.106266330677
8.3899432977291
122.35415009874
8.2043191806009
80.9072112664
270.4218791682
1314.3257432706
487.70908533349
29.120456097996
123.10423511943
1553.0845331802
66.230227907389
234.13357047057
0.19283487545069
179.02621522986
40.839501839032
57.159374233099
232.11856958711
2068.4144279997
89.048868121165
218.42998629218
134.13893780626
3.6555834445665
2810.2165712085
612.34999111071
388.23382056471
1103.9226314042
48.809068544783
138.94444611228
176.40031694664
218.10875278843
0.25844702542378
0.003262097747978
411.29076006597
13.96929068378
2.8549105903648
150.52547762689
198.87551473979
184.00880614026
292.1821152236
479.77258411196
406.55440395835
0.024973824992571
384.45758215982
673.2577468607
437.76022139603
396.1628376355
380.60662054576
299.62024559845
2470.6054110483
1076.3935660324
898.28490512161
1222.4592330296
550.55619894941
5830.0440487666
246.45895510865
0.10627613386391
0.18680038016099

Rao3 p=80 trials=30 Chaotic = singer
0.16285904042044
2.6010162633058
0.0047003886670076
0.0062302065001276
0.0012449786790896
0.0055134665236718
0.014702529361953
325.59218676489
57.733164186876
64.584455085105
9.3830296536304
352.67028660906
0.005260692237826
0.65639052629984
0.29559198295982
0.24082433642297
15.449204475074
0.25873286145792
33.328141166866
0.032600506982718
0.031610039103924
0.048946700931424
0.12872835572965
69.887893651951
169.8018403371
30.715237462101
0.057242351742133
0.15028215566903
0.20753814362028
0.099104920758613
0.030689132612366
0.3364499493095
0.046128792291707
0.2187484023445
0.11385610306581
1.6158721417171
0.089039739741587
400.4199669648
0.044954424799556
74.66044926783
1197.0997267058
2358.1996777901
1332.7636073251
419.96161648041
377.09301078637
2373.0935714126
357.09338674223
232.94295281941
0.21466293460121
538.7030499721
84.33541451776
136.91673884341
712.75852358413
2063.5534407816
320.57638483348
1137.3858485723
0.047637556067286
3.7349630471234
3438.0463629745
623.26519601924
392.5652194587
2404.4615964402
0.14707009415494
143.12117366173
584.53416712376
794.71716669817
115.54353107378
9.5309081446348
25.88544117306
58.263392011466
0.38922934138273
1.1332601557214
11.572731350945
229.85966939702
579.02488539311
97.988513801632
651.84492029578
15.42297359414
382.7196854578
670.87861894426
1223.637673322
438.78804353686
572.7362332341
408.71959001911
4085.3888983841
1708.1356389369
1579.6340055769
1849.1085769985
616.51934210619
8104.7120235922
432.46991606051
0.062648096289664
0.023136493414121

Rao3 p=70 trials=30 Chaotic = singer
54.499216550368
62.454118950047
2.3602144966779
5.4775157118433
0.028856257192839
0.013660964802217
0.0063849998568433
109.98790668479
31.215336018728
36.651605578464
14.296236174309
353.28631825071
8.6559986526856
0.052931473337281
15.599525242552
171.14427617797
116.58949804631
7.8172975319981
33.488634378388
0.072369081262941
0.043677006675019
203.64768918133
36.738592035185
70.344992485132
63.313160070247
30.87613556589
1.3521535552612
72.825163008689
6.2144954777426
3.3350438178801
49.924211183017
76.415693716399
0.044686385784569
12.958313078148
12.506017324567
7.1707837685764
7.5429079883091
402.05336247577
7.5864205750196
75.100976590254
489.88290025473
1579.6358943291
700.60034443357
761.97794469606
176.53960827029
1770.5421486083
358.41983679253
109.40129452302
0.076442385228646
254.54854701402
47.363638944753
70.386926813702
337.06743097319
1183.0629220206
322.19082769137
443.3962135094
126.4842097144
3.6743322635445
2009.5134778338
245.17025773404
159.13857949824
1429.8518292709
41.629173006645
143.5872367845
582.89713763107
362.82106089685
2.4618114743672
0.99056837625807
129.17865145587
323.70201027884
0.31158603774703
141.92608205027
188.35770618641
191.66310637552
355.69592145471
116.70206702237
142.89550392235
0.38555938513657
186.88372767756
348.68158340288
580.42325797157
153.49651077475
416.98765374084
318.4463518408
2849.0506839013
1205.3254208878
1038.9682146942
1345.0785166532
559.5825888073
6388.8412593462
276.35127907638
0.05933534299913
0.011875460792943

Rao3 p=60 trials=30 Chaotic = singer
55.306234578161
63.397353315204
3.9524821292634
7.3246662864815
0.052178323573354
0.010987538914252
0.016591697178301
283.09402745901
39.736869533502
68.150756556095
14.389443630042
351.9498889508
11.01354733361
0.37449764780041
18.715651047126
173.73230293989
136.45144730635
18.367679912801
33.994593682774
0.04703479508759
1.6729854862632
195.35728991143
40.98759308562
71.792402533986
160.24643437141
31.385132981863
6.446472300593
82.943218491873
21.402240495077
7.2713616204212
56.228009785242
77.645327007058
0.061248015167628
15.773604747551
16.553834827811
12.246278519269
14.449812448799
291.1873400772
7.2813193335683
76.488985277071
833.05794994379
1977.7953533803
1309.6394730724
602.33862516754
265.58073784116
2088.4979099325
362.51191300754
233.9703937303
0.053587105672918
380.52009327214
60.045054654641
145.53990050132
508.60458700407
2067.7555936191
327.19237765205
1033.928052297
128.40074805522
3.6826096986974
2323.7892390936
612.02633837306
387.94928872661
1923.1071142685
62.106880276007
142.58349477306
432.30495927507
592.14150742565
54.843537937785
8.4957364513958
411.01829255206
327.87953868355
5.2155295372366
144.08284551656
190.99774065362
205.88557278293
592.51784317179
479.43831305936
570.91871917143
2.3882989971529
384.2198037236
672.93344312863
835.75830736418
395.8433515916
480.83310470924
352.92163971625
3444.3153846523
1423.4947774059
1275.6362387232
1556.9096709136
577.7801213324
7244.4895507687
332.81094692823
0.0079908463705305
0.70740072032282

Rao3 p=50 trials=30 Chaotic = singer
0.054134699574817
0.24616228263581
0.036316083358596
0.052054379696429
0.15808470583427
0.013722387373036
0.035472916178872
49.042424009287
24.723043800423
36.643158890129
5.3076070560256
1.0653639417397
0.14543626539893
31.372203199207
0.15365813830141
145.28008184811
242.78505334345
0.32360258988339
0.028246484968591
0.18110276056642
0.28805635190037
98.88900014686
0.10686056152248
0.43705378380515
23.527623431541
0.026908098892633
0.49452285498012
42.765715165742
2.6627394359313
0.044335511099177
18.978623283575
0.22192054149008
0.0019462181829191
0.36815470695334
0.20810767215563
0.16420192969013
0.18623040143444
158.85820616989
0.022325465490809
0.012623829546214
926.73239683064
1538.6374552455
956.22152309255
759.81595802894
174.98252525367
1419.3606772405
232.22621670595
30.072946594592
11.727950080213
414.25397840941
37.31712049046
42.992686164521
295.29956399871
1986.8069887495
102.72327442582
763.6142559946
97.750726910234
3.8339445268685
3573.4481127108
597.89044357813
265.74163545785
2070.9908295765
40.516619545447
17.308033475723
353.4063161894
559.34163594247
389.22310672942
176.15734108085
418.98136374953
222.29980173953
0.60017593575499
133.33665732302
175.56020571838
179.79119074315
313.50127511021
646.70121685175
889.99118089468
29.960043518528
189.91889411328
513.74900786532
647.41122605012
101.46651312123
360.03324070693
289.1781562764
2245.5986465088
1002.2613160187
817.17969549836
1152.6201015718
545.76231180357
5493.6714478847
230.10949100977
0.21427127305095
0.2831386787806

Rao3 p=40 trials=30 Chaotic = singer
8.710650925184
58.753090407197
0.049617683442818
0.1501873750389
0.1242354637316
0.063415865481668
0.028146835894281
343.37959834511
63.42409090859
67.967280342759
12.710498557307
352.91674284015
1.498002199744
32.491629375593
4.0588279114474
18.80812998436
19.681192138882
0.049632313667047
35.585162110931
0.32777506711793
0.74459187739764
195.39919130568
0.27113646151213
76.278416442625
167.69103402364
29.602720730554
0.047286114299084
12.922333497153
0.33244101956218
0.24877097393333
0.78549335283279
1.0617800568123
0.14209337274254
3.2597570270083
0.13853302418966
4.1212455112614
0.11102290361851
436.07351544743
0.53619239508978
80.844435140735
1234.2498441907
2386.9109773054
1312.3137167831
963.98405479048
367.34963021918
2394.1598848377
415.28634158907
234.01801854137
0.26047369203239
560.52200213976
90.977900270965
145.0944668249
695.84966393282
2067.9451198951
358.7690383843
1169.9216164705
7.1952820418368
3.799183194218
4516.33204325
612.11922905863
388.03092382573
2446.5101900125
0.0011470029367331
138.87569660665
627.98493449038
871.25458703668
222.66698219232
38.026731632964
411.09648486753
425.27086102402
0.003951245486391
42.133034362654
199.35638254832
235.24225128068
591.94958197446
479.53424389402
907.85610326157
22.862827437048
384.28850035617
673.02812028742
1297.349238673
395.98728516432
588.72090515055
420.46484934356
4152.6467764017
1750.0772432359
1623.2429087459
1896.4360699714
628.91397369873
8184.1792422973
456.5166382333
0.18737636557936
0.20168502336958

Rao3 p=30 trials=30 Chaotic = singer
92.999504355825
91.361418422653
21.279155367918
24.444370798206
4.6543364148733
0.13136978347818
0.12019504133038
309.01991846425
53.424738049894
68.145879710489
17.833937659658
333.84159836055
26.48976073722
184.8801273076
37.391364520347
253.55079000799
243.94216136512
50.329299084083
38.266811380243
20.028589066441
45.575629881948
248.25285041108
98.896527100445
71.779490581436
177.91111813613
35.806761884453
55.188083608394
186.74759801314
67.687535762026
49.702155868955
129.19791984878
155.45693839619
3.514439053418
36.455887028289
45.885784519112
26.880120331855
46.09875883802
402.20489309828
28.566511932464
88.665745065946
1166.9641379196
2311.6945345224
1309.5532106176
780.74537691747
372.13173082184
2340.5941267521
369.99588808193
232.33307996085
65.364622645057
533.41975253578
78.905664541472
145.52805754318
681.83930211574
2005.6682624376
327.52981064247
1107.1608783874
207.29208438828
3.6916971076523
4306.8317647857
689.58697842283
406.6420385308
2344.3246564918
137.69775035575
142.42720382899
583.20524217876
812.21981588354
394.83569615097
4.8706778590133
472.28604427633
376.36169863008
60.346862001506
233.67041399087
253.21290838491
224.98764688378
592.50437335269
547.73371692713
1026.7427462233
15.542477607171
364.0721056918
644.28685082912
1151.0481491584
406.833755014
556.28462192637
397.73385646768
3997.0555251273
1661.3053783863
1530.3036063604
1798.6546907674
607.19411794533
7993.9608282787
411.4938599155
0.090716474244058
6.8959184486928

Rao3 p=20 trials=30 Chaotic = singer
71.966856436658
79.820610039987
2.5739603531909
19.306359198186
1.1220172715862
0.10768190452824
0.005436426158365
282.16702410265
22.154027306879
68.013059770616
15.990211626029
353.49371830887
20.948746499603
109.74936094701
31.96325481379
171.99228251781
227.85073416402
42.442635016788
33.546631676885
2.6778840592565
29.11662859275
230.19112375099
78.038755642933
70.510484979293
163.53039826785
30.934344595747
32.594932865042
168.48399194219
50.534187078209
32.258255147836
101.35916553287
134.03642836512
1.9808021639147
28.307898456541
35.691083483103
20.566895366235
33.103214765262
402.6385931993
21.662294384371
75.260141090217
21.974181046441
951.3936064737
197.47159524945
292.70006453409
369.55612566997
1250.5730389586
358.89580960575
230.19525121092
10.269159944576
527.98108183352
33.259419710698
144.10334641454
96.18171830661
517.65005179201
322.77125267693
98.710879518816
224.90643898715
3.7668659247141
1611.5637325003
612.24814837115
34.158216306333
660.46737359186
132.19471829506
143.75146134595
542.15289218016
26.935707060486
49.187079945343
147.43901408573
324.70643037639
342.99285037157
57.920813505668
204.24275388462
241.87110749298
174.86307468024
592.09278445657
503.43894025515
615.23931066297
7.5392233285097
75.08365617585
142.5442197667
263.26049026553
47.674806314715
335.55383172851
276.92062731444
1968.2771934436
913.02063734299
719.36179962907
1069.1034088474
540.30267144206
5075.456251923
211.10431777031
0.37365211870181
5.7304447687148

Rao3 p=10 trials=30 Chaotic = singer
31.595178579434
37.644778072133
0.060016579091517
0.7093222802024
0.32902988205978
0.14925169539501
0.15951963009291
153.42476757427
34.89596146452
41.28865386126
12.995912022316
353.2452341569
1.5294483325982
138.48617783304
5.8562869141631
190.22640187798
216.7505452982
6.5598985193669
33.476925372329
12.242755460574
5.464548392856
154.52985227093
17.541307690966
70.311600049471
168.6419358628
30.864388043582
7.6020143654865
88.988132173828
4.5150395299403
1.4837754485966
48.607108933565
59.257701563695
0.28052054674663
4.7541432793774
0.88919781731882
5.1993135271134
1.9725999130051
401.93488018385
1.5020889810892
75.068841216128
653.55430930633
1772.528236303
855.89014697374
570.57709216413
217.97743779813
1926.1015959464
358.32352639682
235.06281509221
27.857145556658
313.15015609623
52.916269184389
144.20630949737
417.49702472618
2068.7582350494
322.07344752181
609.21811544935
92.884173310549
4.0742655659596
3384.083074761
615.65448947857
390.58107613182
1668.0546772519
71.106849943286
143.55801493944
586.506002998
496.1236526759
350.65738577039
150.03815050572
392.78091019512
285.26365990327
7.0089121837487
104.67833607535
130.14297475015
198.00400285032
404.15049230261
451.86186022998
802.85927012816
75.332067933291
385.80912320796
673.42722087381
695.9670544158
398.00875035833
446.10398560058
333.90602898813
3132.3142683603
1306.2509931726
1148.700957771
1442.2810202317
567.43373993624
6800.2124204719
301.35899937049
0.77083690480878
0.0010495098875012

Rao2 p=20 trials=30 Chaotic = singer
56.659806151057
64.984957100931
0.089068702628403
0.73857869916064
0.10160700358043
0.031625560884137
0.053793726717466
289.78019159472
53.968618505154
68.523934111873
13.959114112399
335.55928165955
3.780294332498
74.911432386857
7.9910697881139
81.69183413042
113.47369843454
0.41281818167408
34.876247734683
2.7644999200087
0.097656393979811
192.11346008963
14.335588926655
74.308744627262
164.40744213373
29.121338727186
0.46709860204207
33.801816926638
0.45747141537142
0.25780224815384
17.19681461227
36.66849113127
0.056989976777572
7.1015475350662
3.1864787996702
5.8339427410815
0.25387210596834
402.32612790036
2.3479978162542
78.904764583247
1155.0520143513
2318.8271289242
1311.0393468237
900.5135520937
372.35360278523
2345.6631458209
387.35394603998
230.22768999043
1.0976719049887
531.95974924502
79.6070580386
146.44667411132
694.83812928973
2014.4037523784
322.46122073061
1035.4723302349
74.054329630669
3.9394627970987
4181.9470980715
675.74194345381
404.53597986213
2353.4979760074
3.8885147186432
131.94715046996
586.79676102398
813.79270618434
195.98638692697
67.164350017097
516.3214924932
328.48121822019
0.14103237576357
82.892412170858
195.49944427844
225.63649678964
592.74941360509
665.4599109678
950.47092719543
29.758367151504
381.57634847776
648.14223148856
1160.9620058147
388.80453392643
558.56123158951
399.21133544628
4010.195750566
1667.9447575697
1537.324550089
1805.7100850566
608.3690965693
8010.7267740396
414.25671428616
7.7680035751371E-5
0.06296109175107

Rao2 p=40 trials=30 Chaotic = singer
98.937697133575
102.34480292925
25.965435266873
31.211663737877
15.711056465465
1.0587439374723
1.7338655452291
322.42483527395
58.302593910896
68.443744702094
20.616759193524
354.50996425091
31.882356519482
120.53390674763
44.416167481289
261.74757941739
224.39450591671
48.379596615077
44.420635690258
10.448245095082
37.576872131815
279.265316702
93.677117843922
83.351052308439
192.33937229428
42.70084571786
54.691395665624
166.96843235517
59.58123604648
45.231952947636
117.06578600438
103.90001128286
6.7394798333275
44.597937811599
50.417597757991
34.963202660646
51.599691268542
428.76550880594
36.187645164966
102.3427367535
1189.019360512
2365.9143784079
1338.1890369602
939.4730745344
375.12810510493
2376.1897102546
405.7270372034
242.6410767051
50.059378224733
539.51559954199
85.029785697743
146.25173048146
717.82141431765
2074.8764220526
352.42890816025
1142.7947729686
178.42847127908
3.5391416350111
4421.4729181495
704.82139968658
420.90111482745
2417.7397435076
113.52563541536
145.07453277857
614.23049753282
851.42023215791
150.76588524617
1.7651637246977
549.0798411465
415.34752209843
42.745422713609
226.60466798604
262.23335362465
230.45552949497
589.66531998701
720.0058426209
1088.6392614706
1053.8254183325
392.6177840549
680.66149482163
1257.3799335482
422.18718749655
574.63566031422
410.04374381793
4094.4907270457
1713.3441792097
1585.0876019439
1854.8409858923
617.75510381173
8115.801934225
435.07746530622
0.090888549522612
24.297940838184

Rao2 p=80 trials=30 Chaotic = singer
52.800279094623
60.474565257506
3.8324215070412
1.1480005239379
11.942584405084
2.6569713213482
4.7110008822734
262.36100793152
46.609782451989
54.527962090985
14.102878130795
352.3396023146
12.701468518339
194.20701614616
21.139916810672
184.6350066968
216.04422723475
19.716652321829
32.465379872547
43.817607424829
24.082434576846
197.08255896972
48.948558925436
77.280109314287
169.39253109948
29.854731702874
18.827905301427
98.209627642698
26.144951750514
12.76518568244
69.60093717475
82.228886918546
5.0981236419429
18.009220151138
19.951415958243
13.810147626063
18.655032291744
354.50260356799
11.809747884265
72.290373647015
1023.8939305462
2185.8769067181
1190.9865741599
783.69423046581
320.04532867494
2248.2239636091
340.40265430082
235.85931927435
57.561911466597
457.68956198985
69.782043797416
112.82541672919
610.54760685201
1856.2484486252
319.77083089332
975.1065064375
135.38475088231
3.3106095637448
2902.7302502584
615.84090461549
391.31806900517
2414.2793940584
70.938125222032
139.96705669903
583.26952207496
793.49052059547
288.28259973541
68.708222872851
414.23304413692
331.59592280588
43.557696250441
153.77688275076
200.51432832635
216.10799439037
519.3074906934
483.38078824188
742.99744949283
99.598889332243
324.21352632673
583.06193819422
1252.1426319935
351.67640979021
523.01209164427
377.17581969233
3778.2728782797
1560.0355521963
1422.4712963884
1693.6309731097
592.51564925177
7705.4773081717
374.37835710368
0.0033215175979535
5.0443626533158
