232.52765343591
226.21690304818
226.21690304818
220.13005697082
220.13005697082
220.13005697082
220.13005697082
213.91413245562
213.91413245562
213.91413245562
213.91413245562
213.91413245562
213.91413245562
213.91413245562
213.91413245562
213.91413245562
213.91413245562
213.91413245562
213.91413245562
213.91413245562
213.91413245562
213.91413245562
213.91413245562
213.91413245562
213.91413245562
213.91413245562
213.91413245562
213.91413245562
213.91413245562
213.91413245562
213.91413245562
213.91413245562
213.91413245562
213.91413245562
213.91413245562
213.91413245562
213.91413245562
213.91413245562
213.91413245562
213.91413245562
====================
233.72814016869
229.35990899548
224.58592483658
224.17901730766
224.17901730766
224.17901730766
224.17901730766
208.92275574446
208.92275574446
208.92275574446
208.92275574446
208.92275574446
208.92275574446
208.92275574446
208.92275574446
208.92275574446
208.92275574446
208.92275574446
208.92275574446
208.92275574446
208.92275574446
208.92275574446
208.92275574446
208.92275574446
208.92275574446
208.92275574446
208.92275574446
208.92275574446
208.92275574446
208.92275574446
208.92275574446
208.92275574446
208.92275574446
208.92275574446
208.92275574446
208.92275574446
208.92275574446
208.92275574446
208.92275574446
208.92275574446
