7970;6498,2165612772;10,1115;15,522453671009;16,842373671009
7962;7963,5180852136;10,1115;4,875;17,354299198087
7935;7961,5594596729;9,0828323201769;16,8615;19,035700191251
7805;7637,4995788161;7,2104338518846;16,797025851885;16,949825851885
7758;7774,0391003046;10,1115;16,8615;17,992441354947
7643;7652,3470359228;5,9426486382199;12,69637663822;15,09932063822
7532;7531,75752;5,16;8,68;14,27
7451;7453,221678696;8,1765085293131;14,229843281327;18,048425375585
7449;7453,0158669601;7,0753622004359;14,145826200436;15,003650200436
7427;7418,7817869398;8,1078204946026;8,3599404946026;12,518052494603
7406;7324,0184797298;9,5040692815394;16,8615;18,500909281539
7365;7361,4229740033;9,9127363326936;16,8615;20,001138238773
7350;7343,5194406919;10,1115;16,8615;19,553125907264
7303;7295,9776221777;5,8468645851229;4,875;12,719664585123
7252;7250,5551076397;6,9122907853876;11,881778785388;13,495394785388
7245;6449,8983029967;10,1115;16,272064075311;18,819976075311
7166;7173,633375;3,25;16,8615;20,25
7119;7116,8187437084;8,876729969069;16,8615;14,796857969069
7111;6787,5604052133;10,1115;16,788923426958;20,25
7044;7037,7615;7,29;12,31;14,35
7040;6156,4288413287;9,418985439488;16,8615;20,25
7028;7041,9216100349;3,4960992797242;7,9715232797242;11,731619279724
6942;6966,8974899859;9,6846031000985;16,8615;13,528003100098
6814;6761,3028684048;10,1115;16,8615;19,397470661255
6809;6656,9069404521;9,3236630344951;16,8615;16,011846126649
6802;6804,5774652919;6,5586678755936;8,9103318755936;14,416875875594
6787;3459,851702987;4,6806452577697;16,8615;16,98293325777
6764;6651,1799191634;6,0301653559288;16,542181355929;16,999485355929
6761;6748,9394209075;7,4367187515873;8,5608067515873;12,366694751587
6725;6628,3788613451;5,0801434021858;16,8615;17,817259989062
6690;6680,2034831675;7,3440204557686;9,7643404557686;14,581540455769
6600;6599,5040341642;5,3629154172962;14,967507417296;15,047555417296
6474;6469,7545225378;3,6275720211136;12,504180021114;14,727132021114
6433;6432,8440727954;5,9511489516089;11,425156951609;14,232308951609
6416;5332,6072971172;6,6968940042872;16,8615;19,980462004287
6412;6408,5625984844;5,6128916797829;12,599563679783;14,980315679783
6400;6415,8164778681;6,6858172258218;16,8615;15,236041225822
6360;4391,6301370277;10,104439506817;16,8615;19,828143506817
6337;6334,8953187484;6,8800137841191;12,515293784119;14,536461784119
6240;6242,3555310377;4,9970732549011;11,872073254901;14,317473254901
6232;3376,0230667713;9,8584449492551;16,8615;20,181980949255
6173;6161,7783046242;5,1042004417076;15,332120441708;16,348936441708
6160;6162,5954008482;7,4525641144287;10,989540114429;13,136612114429
6117;6099,5946627232;3,5493176418851;7,5775736418851;13,868085641885
6062;5074,4507528133;6,5425512473873;16,8615;19,818407247387
6051;6051,4857067879;7,1765131766593;5,8137611766593;12,270249176659
6048;6052,7087003432;6,4503691139549;11,548529113955;19,316057113955
6035;6040,4574629164;5,0669795112551;4,875;13,923907511255
6024;6030,3475822064;8,4408290731493;16,8615;15,807205073149
6023;6024,1055887786;7,1595988574098;4,875;13,29043085741
5993;7088,832725;3,25;4,875;8,125
5985;5985,0751437416;3,25;7,9533849701937;11,515128970194
5971;5973,9007113218;10,1115;4,875;18,867445346511
5962;5985,4742010709;5,8850144660987;6,0278704660987;15,637606466099
5944;5929,0768216105;5,9556841305676;5,9766841305676;12,125724130568
5940;5955,1788453138;7,6502674445372;6,3330354445372;9,2248114445372
5927;6002,6515517345;6,8623878571392;13,326019857139;15,395667857139
5885;5874,859578802;6,0340184748216;7,9509464748216;11,056474474822
5882;5872,7576479241;4,756566699545;7,830038699545;9,301822699545
5880;4399,476753417;3,25;15,079715781131;19,636067781131
5880;5880,3928766182;3,5403826710983;7,9194706710983;15,667622671098
5876;5879,5018386394;4,4552857570433;11,163957757043;13,125901757043
5873;5858,9958475363;6,7378140811413;11,749110081141;17,299814081141
5865;5859,6422519026;6,090288823241;4,875;8,125
5863;5866,1140601144;8,4929800773439;4,875;14,235676077344
5856;5938,2967843333;6,139622485118;4,875;10,208870485118
5800;5781,1392045547;3,25;4,875;9,862856320119
5791;5740,602735858;3,841369027149;6,467225027149;8,125
5782;5785,2489514459;3,8813595294253;5,9075755294253;11,532983529425
5778;5794,8441877752;4,5827049647287;13,393952964729;17,022872964729
5775;5773,4378325622;4,8037215392154;6,5414035453135;13,048522439213
7970,6980.2669246482,10.1115,16.8615,18.31127891754
7962,7959.0805708437,5.0423699301795,7.8908019301795,14.669905930179
7935,7934.5178350949,3.25,12.842692173482,20.25
7805,7805.2175576329,4.8756812959778,16.8615,18.367706794841
7758,7759.8895384907,10.1115,16.8615,17.938451879162
7643,7667.8466676058,5.5836662399861,12.809858239986,15.076066239986
7532,7547.86536,6.96,9.56,12.91
7451,7451.16180664,4.0838824561374,15.490346456137,16.357338456137
7449,7447.8894021705,8.5519037727918,14.906439772792,14.281879772792
7427,7428.336839376,5.0128843907787,6.9068843907787,14.470884390779
7406,7414.1895993402,10.1115,16.8615,18.82547652829
7365,7362.7962335293,10.1115,16.8615,19.993938261861
7350,7258.9115106551,10.1115,14.335972074641,20.25
7303,7305.5720765897,3.4133526653876,9.9069286653876,11.336944665388
7252,7253.8713,5.74,11.18,14.68
7245,6494.2036164443,6.5881970497588,16.8615,18.938405049759
