760.57825448057
704.09219097778
644.70673262825
644.70673262825
626.9975799437
625.45461775136
624.32745453295
581.43450356592
581.43450356592
581.43450356592
581.43450356592
581.43450356592
581.43450356592
581.43450356592
581.43450356592
581.43450356592
581.43450356592
581.43450356592
581.43450356592
581.43450356592
581.43450356592
581.43450356592
581.43450356592
581.43450356592
581.43450356592
581.43450356592
581.43450356592
581.43450356592
581.43450356592
581.43450356592
581.43450356592
581.43450356592
581.43450356592
581.43450356592
581.43450356592
581.43450356592
================================================================

364.67166823565
318.37943138115
276.39023866486
276.39023866486
263.91639823427
263.91639823427
263.91639823427
244.72283638026
244.72283638026
244.72283638026
244.72283638026
244.72283638026
244.72283638026
244.72283638026
244.72283638026
244.72283638026
244.72283638026
244.72283638026
244.72283638026
244.72283638026
244.72283638026
244.72283638026
244.72283638026
244.72283638026
244.72283638026
244.72283638026
244.72283638026
244.72283638026
244.72283638026
244.72283638026
244.72283638026
244.72283638026
244.72283638026
244.72283638026
244.72283638026
244.72283638026
244.72283638026
244.72283638026
244.72283638026
244.72283638026
