216.39153220496
214.55278664348
211.60169146611
211.60169146611
211.60169146611
211.60169146611
211.60169146611
198.19755157746
198.19755157746
198.19755157746
198.19755157746
198.19755157746
198.19755157746
198.19755157746
198.19755157746
198.19755157746
198.19755157746
198.19755157746
198.19755157746
198.19755157746
198.19755157746
198.19755157746
198.19755157746
198.19755157746
198.19755157746
198.19755157746
198.19755157746
198.19755157746
198.19755157746
198.19755157746
198.19755157746
198.19755157746
198.19755157746
198.19755157746
198.19755157746
198.19755157746
198.19755157746
198.19755157746
198.19755157746
198.19755157746