7970;7375,998672;10,1115;16,8615;20,25
7962;7973,50554;5,23;9,48;12,55
7935;7935,8828552942;10,1115;16,8615;18,90636448815
7805;7816,0664858741;10,1115;16,312553445358;17,032553445358
7758;7747,6950380666;10,1115;13,088575507122;20,25
7643;7631,498682329;7,767230388898;11,787230388898;15,737230388898
7532;7544,4311879908;6,3566920282164;7,3866920282164;15,626692028216
7451;7445,6190890115;10,1115;13,004188386381;19,644188386381
7449;7425,0749945604;4,8946912702614;13,984691270261;15,304691270261
7427;7436,5144;5,17;8,41;13,22
7406;7372,8452031377;7,8887682791607;16,8615;19,648768279161
7365;7342,2145617494;4,9102519332064;16,8615;20,25
7350;7354,3254640307;10,1115;15,31759710937;20,25
7303;7287,2937709021;4,9683419323379;8,1783419323379;11,598341932338
7252;7259,48865;6,53;10,88;14,97
7245;6805,2719792068;7,2768948722663;16,8615;20,25
7166;7184,9406076911;10,1115;16,473875368887;19,813875368887
7119;7142,9203980475;10,1115;8,0355015038538;20,25
7111;6796,934976;10,1115;16,8615;20,25
7044;7013,8215;7,42;11,75;14,93
7040;6192,321871;10,1115;16,8615;20,25
7028;6987,7681886913;5,0850808066666;7,1650808066666;12,865080806667
6942;6971,2162437119;3,25;16,8615;14,197669439999
6814;6810,8854426182;10,1115;16,8615;19,737741561391
6809;6835,1258274523;10,1115;16,8615;17,0856335974
6802;6800,0343374325;8,8488074795384;9,3888074795384;13,108807479538
6787;3745,772316;8,3752957655793;16,8615;20,25
6764;6759,5932732747;4,8437896656915;16,053789665691;17,863789665691
6761;6762,3093887027;4,2737235341425;8,0237235341425;13,893723534142
6725;6728,4351730528;6,790547138369;15,680547138369;20,25
6690;6687,5649533682;6,5530737837511;10,953073783751;12,593073783751
6600;6573,8765392783;6,969797006878;13,729797006878;17,639797006878
6474;6438,91728;6,89;12,46;14,62
6433;6433,8910437474;7,0825560717297;10,40255607173;15,12255607173
6416;5269,6967243995;10,099708524383;16,8615;19,129708524383
6412;6378,9065415689;7,732938702825;12,322938702825;15,212938702825
6400;6436,7691659976;8,0536343971471;16,8615;15,373634397147
6360;4444,178899;10,1115;16,8615;20,25
6337;6348,8234573483;7,3187878452562;12,508787845256;14,598787845256
6240;6235,6685593369;7,5776504615311;11,127650461531;14,747650461531
6232;3383,989128;10,1115;16,8615;20,25
6173;6175,1042723447;7,9717887144637;15,041788714464;16,571788714464
6160;6174,12;6,24;9,65;14,25
6117;6088,7515355151;6,4978651277711;7,4378651277711;13,507865127771
6062;5208,370875;10,1115;16,8615;20,25
6051;6059,3169781591;5,2057442116718;6,0457442116718;12,015744211672
6048;6030,7433272383;7,869478288572;13,239478288572;15,949478288572
6035;6002,2742390236;9,0688642158587;7,3788642158587;11,018864215859
6024;6009,4834095623;6,549167745397;16,8615;15,899167745397
6023;6046,5984103416;6,3675650247594;4,875;15,217565024759
5993;7088,832725;3,25;4,875;8,125
5985;5976,9862744933;6,1344187336855;8,3544187336855;10,634418733685
5971;5968,2777176476;4,5940993734282;11,504099373428;12,274099373428
5962;5971,5175143764;9,3505590322663;6,2605590322663;14,270559032266
5944;5937,1013792396;5,0039501766274;6,8939501766274;11,703950176627
5940;5925,3814851216;5,6802660029988;4,875;11,440266002999
5927;5943,6920741528;5,8958385951285;13,155838595129;15,305838595129
5885;5874,2924866223;3,25;4,875;14,408138193976
5882;5861,1761120115;3,25;6,4320435038405;10,76204350384
5880;4746,2809457813;10,1115;16,8615;19,981003539432
5880;5883,7449298267;6,7514611346933;9,3014611346933;12,431461134693
5876;5869,85472;7,26;11,44;12,72
5873;5858,3447319516;3,25;4,9739381360141;18,313938136014
5865;5860,1299641646;3,25;4,875;8,5522154269756
5863;5854,6589801261;6,3238039131993;6,8038039131993;12,773803913199
5856;5863,1518388188;9,4773582443164;4,875;9,3873582443164
5800;5840,8005584165;3,25;4,875;10,028997656409
5791;5800,9587732754;3,25;4,875;9,9829511619466
5782;5783,0014922123;5,6923550427623;4,875;13,712355042762
5778;5795,6081069553;7,4431480585985;12,943148058598;15,523148058598
5775;5785,0246695195;3,25;7,5609877622877;12,470987762288
7970,6222.8923686093,6.8893151108916,16.8615,15.889715110892
7962,7958.7980456749,10.1115,7.6766461199511,13.602718119951
7935,7942.1852583721,5.9598377530341,16.8615,19.13306896906
7805,7812.3530411368,9.123927670201,16.010631670201,17.547911670201
7758,7765.1188822011,5.5330751784949,16.319243178495,18.583467178495
7643,7558.0428171734,6.1262530375425,12.466253037542,14.956253037542
7532,7548.44064,6.49,8.74,13.99
7451,7492.1142104404,3.25,16.267600740379,15.528080740379
7449,7453.6504902876,5.6667790399412,15.179819039941,14.504339039941
7427,7413.0178541776,7.2246538213719,8.2012938213719,12.839629821372
7406,7405.3420493327,7.4032002567896,16.8615,20.117979591036
7365,7347.7285876344,5.2746951509828,16.8615,20.25
7350,7348.232784646,9.8130847910693,16.8615,19.714897824313
7303,7310.3576701778,4.4927064249459,6.0106744249459,12.636418424946
7252,7245.8224476268,7.2494514621945,11.950267462194,13.320019462194
7245,6845.954232,10.1115,16.8615,20.25
