1058.7052660415
1009.7450803689
941.17260394173
884.0012208959
845.36436063916
788.23852402074
785.94537847078
693.4107359114
662.28513519138
662.28513519138
662.28513519138
662.28513519138
636.88513910494
636.88513910494
625.93015747449
598.12806604101
598.12806604101
541.10223158794
541.10223158794
541.10223158794
541.10223158794
541.10223158794
541.10223158794
541.10223158794
522.98885309972
522.98885309972
522.98885309972
522.98885309972
522.98885309972
522.98885309972
522.98885309972
522.98885309972
520.33806452679
520.33806452679
520.33806452679
520.33806452679
498.7803461721
498.7803461721
498.7803461721
498.7803461721
