496.74220031976
432.69923820892
393.79876544114
364.80386955838
361.45655044565
335.64843635693
335.64843635693
320.75569191172
320.75569191172
320.75569191172
320.75569191172
320.75569191172
320.75569191172
320.75569191172
320.75569191172
320.75569191172
320.75569191172
320.75569191172
320.75569191172
320.75569191172
320.75569191172
320.75569191172
320.75569191172
320.75569191172
320.75569191172
320.75569191172
320.75569191172
320.75569191172
320.75569191172
320.75569191172
320.75569191172
320.75569191172
320.75569191172
320.75569191172
320.75569191172
320.75569191172
320.75569191172
320.75569191172
320.75569191172
320.75569191172
