=======r,R1,R2
669,43901358056
585,560595279
585,560595279
585,560595279
585,560595279
580,05148769013
580,05148769013
471,49171797784
470,74571191021
470,74571191021
470,74571191021
470,74571191021
470,74571191021
470,74571191021
470,74571191021
470,74571191021
470,74571191021
470,74571191021
470,74571191021
470,74571191021
470,74571191021
470,74571191021
470,74571191021
470,74571191021
470,74571191021
470,74571191021
470,74571191021
470,74571191021
470,74571191021
470,74571191021
======r=====
1,658.09498607151
2,594.61154306058
3,594.61154306058
4,594.61154306058
5,594.61154306058
6,594.61154306058
7,583.35171204375
8,472.34128150246
9,472.34128150246
10,472.34128150246
11,472.34128150246
12,472.34128150246
13,472.34128150246
14,472.34128150246
15,472.34128150246
16,472.34128150246
17,472.34128150246
18,472.34128150246
19,472.34128150246
20,472.34128150246
21,472.34128150246
22,472.34128150246
23,472.34128150246
24,472.34128150246
25,472.34128150246
26,472.34128150246
27,472.34128150246
28,472.34128150246
29,472.34128150246
30,472.34128150246
31,472.34128150246
32,472.34128150246
33,472.34128150246
34,472.34128150246
35,472.34128150246
36,472.34128150246
37,472.34128150246
38,472.34128150246
39,472.34128150246
1,546.79698567977
2,504.48340621084
3,442.05352352866
4,353.83430029655
5,353.83430029655
6,353.83430029655
7,353.83430029655
8,305.91196912749
9,305.91196912749
10,305.91196912749
11,305.91196912749
12,305.91196912749
13,305.91196912749
14,305.91196912749
15,305.91196912749
16,305.91196912749
17,305.91196912749
18,305.91196912749
19,305.91196912749
20,305.91196912749
21,305.91196912749
22,305.91196912749
23,305.91196912749
24,305.91196912749
25,305.91196912749
26,305.91196912749
27,305.91196912749
====================== intial 0.7
660.84348103849
611.19805967425
611.19805967425
611.19805967425
611.19805967425
579.9834433653
579.9834433653
469.17178739969
469.17178739969
469.17178739969
455.30617126215
455.30617126215
455.30617126215
455.30617126215
455.30617126215
455.30617126215
455.30617126215
455.30617126215
455.30617126215
455.30617126215
455.30617126215
455.30617126215
455.30617126215
455.30617126215
455.30617126215
455.30617126215
305.91196912749
305.91196912749
305.91196912749
305.91196912749
305.91196912749
305.91196912749
305.91196912749
305.91196912749
305.91196912749
305.91196912749
305.91196912749
305.91196912749
305.91196912749
305.91196912749
============ stopping 200

1,648.20215685423
2,595.00691757287
3,595.00691757287
4,595.00691757287
5,595.00691757287
6,588.33155153204
7,586.9878565483
8,480.04738027121
9,480.04738027121
10,480.04738027121
11,472.92937156298
12,472.92937156298
13,472.92937156298
14,472.92937156298
15,472.92937156298
16,472.92937156298
17,472.92937156298
18,472.92937156298
19,472.92937156298
20,472.92937156298
21,472.92937156298
22,472.92937156298
23,472.92937156298
24,472.92937156298
25,472.92937156298
26,472.92937156298
27,472.92937156298
28,472.92937156298
29,472.92937156298
30,472.92937156298
31,472.92937156298
32,472.92937156298
33,472.92937156298
34,472.92937156298
35,472.92937156298
36,472.92937156298
37,472.92937156298
38,472.92937156298
39,472.92937156298
40,472.92937156298
