491.99535907628
403.7435656958
351.13492447481
348.80345219523
339.95132824463
319.5038549771
319.5038549771
294.22322929184
294.22322929184
294.22322929184
294.22322929184
294.22322929184
294.22322929184
294.22322929184
294.22322929184
294.22322929184
294.22322929184
294.22322929184
294.22322929184
294.22322929184
294.22322929184
294.22322929184
294.22322929184
294.22322929184
294.22322929184
294.22322929184
294.22322929184
294.22322929184
294.22322929184
294.22322929184
294.22322929184
294.22322929184
294.22322929184
294.22322929184
294.22322929184
294.22322929184
294.22322929184
294.22322929184
294.22322929184
294.22322929184
================================================================
1,421.46689939001
2,354.01245003864
3,219.86041095793
4,155.95474978225
5,101.07926613416
6,77.919205085601
7,52.337116380396
8,23.912577912469
9,23.912577912469
10,21.379434633539
11,21.379434633539
12,21.379434633539
13,21.379434633539
14,21.379434633539
15,21.379434633539
16,21.379434633539
17,21.379434633539
18,21.379434633539
19,21.379434633539
20,21.379434633539
21,21.379434633539
22,21.379434633539
23,21.379434633539
24,21.379434633539
25,21.379434633539
26,21.379434633539
27,21.379434633539
28,21.379434633539
29,21.379434633539
30,21.379434633539
31,21.379434633539
32,21.379434633539
33,21.379434633539
34,21.379434633539
35,21.379434633539
36,21.379434633539
37,21.379434633539
38,21.379434633539
39,21.379434633539
40,21.379434633539
