p=60,trials=1000, fitness=10, max gen = 40, Rao-3, MAE = 65.197161351897

6.352208892093,0.79884349418517,0.91444349418517,117.6,130.19493785117,12.594937851168
6.6644996882675,0.79699159426568,0.91259159426568,117.6,129.54175948637,11.941759486371
5.5572241779394,0.7008897203295,0.8164897203295,31.2,30.757783341594,0.4422166584058
5.8771944933042,0.72754600939227,0.84314600939227,36,36.218888518036,0.2188885180358
4.4481391083104,0.63007085422104,0.74567085422104,25.2,25.308816399347,0.10881639934725
4.47477,0.52001386670024,0.63561386670024,8.4,7.7215746532453,0.67842534675469
4.2821,0.48965274259059,0.60525274259059,10.8,9.5552495495811,1.2447504504189
7.0777075119683,0.82953283416924,0.94513283416924,352.8,391.38531821118,38.585318211178
8.9681758719447,0.80143894222585,0.91703894222585,72,73.572974189864,1.5729741898638
8.7228898203032,0.85724064128904,0.98844064128904,72,73.51193646109,1.5119364610898
8.2031566437339,0.76285369645844,0.89405369645844,24,20.562013473817,3.4379865261826
8.3016527552586,0.88082049519374,1.0120204951937,360,382.74727463381,22.747274633808
6.3618423709565,0.74645364505958,0.87765364505958,36,36.736612309603,0.73661230960261
4.35037230073,0.75165403393873,0.88285403393873,215,264.45556990969,49.455569909688
6.440624148789,0.787525110211,0.918725110211,48,51.00262337573,3.0026233757302
6.1532252320658,0.79765109015985,0.92885109015985,360,414.336113615,54.336113614999
5.7441610240767,0.7968438082793,0.9280438082793,324,382.64322995608,58.643229956079
5.4586845254377,0.76702401176375,0.89822401176375,60,66.417083107168,6.4170831071679
7.687100410549,0.8093404704604,0.9405404704604,48,49.579211201261,1.5792112012611
4.1272883053608,0.70731175610903,0.83851175610903,60,69.604969696329,9.6049696963294
5.1949633340816,0.72801166151232,0.84361166151232,60,67.126784338114,7.1267843381145
6.4465758357256,0.81836950555601,0.93396950555601,300,340.16135497251,40.161354972511
6.1134292317017,0.78170792669091,0.89730792669091,120,133.18471558564,13.184715585639
7.7872471426576,0.81551793361619,0.94671793361619,90,95.607431899367,5.607431899367
7.1778619089241,0.82237658421899,0.95357658421899,210,229.60621319419,19.606213194188
7.6390913871811,0.79253630114092,0.92373630114092,48,49.629894386077,1.6298943860767
5.1876956344979,0.7481245328128,0.8637245328128,70,76.46623129846,6.4662312984597
5.8805252141227,0.78800480942475,0.90360480942475,239,272.56173019449,33.561730194489
5.7071736791316,0.75285148205182,0.86845148205182,82,89.526504721849,7.5265047218486
5.7006450732881,0.72457418753047,0.84017418753047,62,67.449332719241,5.449332719241
6.1958187258516,0.77515685288383,0.89075685288383,170,191.78386584925,21.783865849248
6.1434852019405,0.78712851856608,0.90272851856608,192,214.11869096882,22.118690968825
4.5244810189413,0.56608350429269,0.68168350429269,18,15.11988039957,2.8801196004297
6.4803594147563,0.75641448647595,0.87201448647595,50,52.209970902097,2.2099709020972
6.0892778502815,0.75979977548206,0.87539977548206,60,64.146441468791,4.1464414687909
6.3336122417478,0.74931663510451,0.88051663510451,42,42.365638066173,0.3656380661729
5.8283759693839,0.7469785076212,0.8781785076212,60,64.859639633523,4.8596396335231
7.6236129467466,0.84822375061187,0.96382375061187,444,491.65291636068,47.652916360682
6.1651320035979,0.73288430271944,0.86408430271944,42,43.498484202189,1.4984842021892
7.4305241488139,0.78743319151105,0.91863319151105,114,123.21763621646,9.2176362164619
7.1573777246475,0.84741511591264,0.96301511591264,1248,1397.5607764205,149.56077642045
8.68049379651,0.89882532775999,1.01442532776,2400,2524.3482483253,124.34824832532
7.7139032806843,0.86560241550468,0.98120241550468,1368,1502.7324613809,134.73246138092
6.4215677479645,0.83355537553297,0.94915537553297,973,1119.3206443607,146.32064436066
7.8311661479502,0.84969170020413,0.98089170020413,400,437.53885688288,37.538856882884
9.3221651541425,0.92034839116426,1.0671483911643,2400,2450.6164976552,50.61649765518
6.8436958740183,0.84370972184917,0.95930972184917,420,474.27022978924,54.270229789237
7.9739432687481,0.84546569896604,0.96106569896604,252,272.52353168044,20.523531680437
4.7710682031681,0.72932312730854,0.87612312730854,107,120.98151922747,13.981519227472
8.0117160362981,0.84632439672124,0.99312439672124,571.4,625.05314471989,53.653144719892
9.063188141025,0.83241607056997,0.97921607056997,98.8,101.23374347898,2.4337434789789
8.7036520961587,0.83494176936985,0.98174176936985,155,164.01853024265,9.0185302426473
7.7335937570436,0.85350602141046,1.0003060214105,750,822.89953779661,72.899537796611
8.2218970630772,0.87284349094277,1.0196434909428,2120,2298.7058036926,178.70580369263
7.689065640739,0.83037033114926,0.97717033114926,370,403.78427312156,33.784273121565
6.9035322328015,0.84793178104187,0.96353178104187,1181,1330.9437173302,149.94371733017
6.0982559450906,0.79989979964956,0.91549979964956,278,318.04260603577,40.042606035774
4.92455,0.50940237769829,0.62500237769829,8.4,4.8200835196822,3.5799164803178
4.8961200036525,0.77651228628238,0.92331228628238,4560,6077.4001551454,1517.4001551454
6.7489140550141,0.84445326003547,0.97565326003547,720,838.42559599255,118.42559599255
7.3921023875455,0.8331339915591,0.9487339915591,458,511.67345357164,53.673453571642
8.0939214008605,0.88167009396277,0.99727009396277,2460,2655.8538948073,195.85389480727
5.4965220235497,0.79878807371519,0.92998807371519,162,188.12872593347,26.128725933474
8.260625919687,0.85089698273963,0.98209698273963,150,161.18927959645,11.189279596454
7.4048389953418,0.8534117010871,0.9846117010871,636,700.16779824788,64.167798247884
7.4201604634638,0.84635787443321,0.97755787443321,882,978.79889705165,96.798897051645
4.0114814331337,0.75437510783802,0.88557510783802,444,595.40291647998,151.40291647998
3.5977189157193,0.7365432441158,0.8677432441158,192,262.89049740435,70.890497404355
6.3995208966813,0.82612360900879,0.97292360900879,576,655.72969926661,79.729699266615
6.143719287156,0.83824689144373,0.98504689144373,432,489.94278029839,57.942780298393
5.1774721379954,0.75318236214583,0.89998236214583,72,82.399993102409,10.399993102409
6.0602631694044,0.80392592326641,0.95072592326641,300,350.6425494636,50.642549463597
6.258051610772,0.81900375106372,0.96580375106372,300,338.17543584802,38.175435848024
13.811591361602,0.93434327943546,1.0811432794355,240,200.5224889196,39.477511080403
8.7382878804883,0.88342688782673,1.0302268878267,600,636.63806990569,36.638069905689
6.2500593265271,0.81655907481842,0.96335907481842,756,875.60053221258,119.60053221258
5.5314947172419,0.79500501711015,0.94180501711015,1200,1471.1891520414,271.18915204142
2.442810466802,0.66760344181657,0.81440344181657,97,145.67694738863,48.676947388634
8.1877846585906,0.84665861335008,0.96225861335008,409,442.83148663142,33.831486631417
8.1034677100077,0.86132795245821,0.97692795245821,703,766.58008971754,63.580089717543
8.3485357564894,0.83402767670994,0.96522767670994,1350,1452.8523421,102.85234209997
7.230253480625,0.82902053631005,0.94462053631005,480,532.758980565,52.758980565005
10.893857717584,0.90591892049784,1.0215189204978,599,590.74548557838,8.2545144216214
11.933229789096,0.92693137334517,1.0425313733452,430,400.31421622381,29.685783776189
9.6658990652009,0.90017446273527,1.0157744627353,4178.2,4316.1201662674,137.92016626739
10.282919343096,0.90216395676283,1.0177639567628,1772.5,1797.3059419302,24.805941930202
9.4186647625535,0.89086911212647,1.0064691121265,1645.9,1692.0423749345,46.142374934495
10.303736091393,0.91635834975604,1.031958349756,1924.5,1892.7496221441,31.750377855936
16.985642687767,0.92240452486063,1.0692045248606,648,383.85440143439,264.14559856561
10.271012887301,0.93396736584928,1.0495673658493,8211,7828.89560306,382.10439694002
10.198467658382,0.85930625921362,0.99050625921362,480,492.08284429405,12.082844294052
1.42132,0.50552791273618,0.63672791273618,12,13.805548485283,1.8055484852833
5.2789112973767,0.6207778590232,0.7519778590232,38,36.656658699738,1.3433413002619

p=60,trials=1000, fitness=10, max gen = 40, Singer+Rao-3 Chaotic = 0.8, MAE = 32.403276952956

8.1288317132367,0.68692407191055,0.80252407191055,117.6,115.75020445498,1.8497955450206
8.0096009073194,0.69643867943664,0.81203867943664,117.6,112.82115391468,4.7788460853165
4.9248,0.68559436800001,0.80119436800001,31.2,26.419617585303,4.7803824146974
4.933318040896,0.68559436800001,0.80119436800001,36,27.833522922556,8.1664770774439
3.90137,0.68559436800001,0.80119436800001,25.2,25.182546740829,0.017453259171123
4.27244,0.68559436800001,0.80119436800001,8.4,8.4005872800635,0.00058728006350961
3.78963,0.68559436800001,0.80119436800001,10.8,10.80905222835,0.0090522283502406
7.514209899026,0.80033536316138,0.91593536316138,352.8,367.58214289361,14.78214289361
8.9072836476106,0.79967019720755,0.91527019720755,72,72.813468349668,0.81346834966777
10.03997313383,0.80732687015112,0.93852687015112,72,72.860259462748,0.86025946274832
8.1734406122291,0.68559436800001,0.81679436800001,24,17.838983468985,6.1610165310152
11.63931279467,0.79902127115771,0.93022127115771,360,368.19376924057,8.1937692405722
7.2263359822055,0.68559436800001,0.81679436800001,36,36.003502992166,0.0035029921655223
4.782730888678,0.6860463951649,0.8172463951649,215,214.92501259274,0.074987407260721
8.1423774903782,0.68559436800001,0.81679436800001,48,47.511729407524,0.48827059247601
5.0587610509622,0.82339326253654,0.95459326253654,360,383.51158433526,23.511584335261
6.2544813064416,0.76381435618271,0.89501435618271,324,353.08854218995,29.08854218995
6.5340314985037,0.68559436800001,0.81679436800001,60,60.029694300771,0.029694300770721
8.1233787492891,0.75363307991074,0.88483307991074,48,45.056430883342,2.9435691166577
3.83982,0.68559436800001,0.81679436800001,60,60.041585282303,0.041585282302641
4.9242449117261,0.68559436800001,0.80119436800001,60,56.071896767473,3.9281032325268
5.792197587192,0.82144513912208,0.93704513912208,300,309.60472767577,9.6047276757687
7.6259363477478,0.68559436800001,0.80119436800001,120,120.00320626779,0.00320626779137
8.1039277896926,0.78641006811604,0.91761006811604,90,91.953814809486,1.9538148094859
7.4939760296588,0.79486543688686,0.92606543688686,210,216.88982453656,6.8898245365633
8.1607797901312,0.68559436800001,0.81679436800001,48,41.446834921067,6.5531650789325
5.0125328774696,0.68571975039224,0.80131975039224,70,62.293891245817,7.7061087541831
7.6718470921267,0.68559436800001,0.80119436800001,239,238.95226071029,0.047739289705447
6.3147503793203,0.68559436800001,0.80119436800001,82,82.102898197218,0.10289819721767
5.0900187399731,0.68559436800001,0.80119436800001,62,54.52732488501,7.4726751149896
7.504618958377,0.68559436800001,0.80119436800001,170,170.02566550308,0.025665503082195
7.8932580483531,0.68622127996119,0.80182127996119,192,191.89638873733,0.1036112626675
4.39225,0.68559436800001,0.80119436800001,18,17.994841314492,0.0051586855079115
7.3267660970163,0.68559436800001,0.80119436800001,50,50.008089514394,0.0080895143943067
6.9291862800358,0.68559436800001,0.80119436800001,60,60.012278579306,0.012278579305885
7.0733605237581,0.68559436800001,0.81679436800001,42,41.994014377378,0.0059856226218855
6.3167764391552,0.68559436800001,0.81679436800001,60,60.054288359837,0.0542883598374
11.72159317574,0.74258627334098,0.85818627334098,444,469.94082630638,25.940826306378
6.5721962534477,0.68559436800001,0.81679436800001,42,42.027659053437,0.027659053436714
6.917031080997,0.78654869115257,0.91774869115257,114,114.42162354704,0.42162354703613
10.780862996809,0.76041201252704,0.87601201252704,1248,1341.213766333,93.213766332961
12.074647799136,0.83647328926262,0.95207328926262,2400,2459.4943007142,59.494300714151
11.070558682137,0.79253358212746,0.90813358212746,1368,1428.0023503705,60.002350370458
6.1924262779163,0.81887807447965,0.93447807447965,973,993.46027580772,20.460275807723
12.489735433694,0.73343648649473,0.86463648649473,400,419.88889187634,19.88889187634
12.588649493142,0.87298393389163,1.0197839338916,2400,2485.0922537485,85.092253748493
8.3806806169884,0.7931482631177,0.9087482631177,420,445.44834216022,25.44834216022
11.121653828015,0.74951399879371,0.86511399879371,252,262.43311626503,10.433116265033
4.81675,0.68559436800001,0.83239436800001,107,106.91496687026,0.085033129740282
12.613780578236,0.73299923743959,0.87979923743959,571.4,600.64068512813,29.240685128126
9.8280770892652,0.79553159544755,0.94233159544755,98.8,100.35279546121,1.5527954612136
10.233838212414,0.76896320062013,0.91576320062013,155,158.63927210085,3.6392721008514
13.135065421921,0.73014458092553,0.87694458092553,750,790.93670761336,40.936707613358
11.234008920021,0.80432604699969,0.95112604699969,2120,2171.1252244903,51.125224490322
9.73639045566,0.7621980305417,0.9089980305417,370,391.60760697321,21.607606973212
9.6410894952415,0.77912810796512,0.89472810796512,1181,1279.708972768,98.708972767957
5.4461649009515,0.80957888167012,0.92517888167012,278,295.95746431974,17.95746431974
4.92113,0.68559436800001,0.80119436800001,8.4,4.7281445637846,3.6718554362154
5.4744570538309,0.74348620289624,0.89028620289624,4560,5412.7547542678,852.75475426784
7.8099825884385,0.80397954410647,0.93517954410647,720,765.44291756967,45.442917569669
8.8964541629668,0.77738120271571,0.89298120271571,458,485.92863947662,27.928639476621
11.230052874248,0.81107018638794,0.92667018638794,2460,2481.1875368363,21.187536836261
7.8651297488612,0.68587915065656,0.81707915065656,162,161.96516440886,0.034835591143775
10.82117073809,0.76776473137749,0.89896473137749,150,155.38696857232,5.3869685723225
12.310217969182,0.7428678388252,0.8740678388252,636,675.69532124858,39.695321248575
11.694243942268,0.74898680900313,0.88018680900313,882,947.03057128953,65.030571289531
4.4149566128112,0.68953825776391,0.82073825776391,444,449.14072189126,5.1407218912609
3.4705200807906,0.68586633226508,0.81706633226508,192,192.09694798332,0.096947983316198
5.8968916716895,0.82241848242423,0.96921848242423,576,593.20326954818,17.203269548185
6.1474694387192,0.81878548295469,0.96558548295469,432,444.63578878174,12.635788781742
5.3493581672465,0.68573294062681,0.83253294062681,72,67.11409139495,4.8859086050501
5.2264257288066,0.81907068830144,0.96587068830144,300,324.14144626802,24.141446268021
5.6607163068064,0.82172881557854,0.96852881557854,300,309.62220505257,9.6222050525729
21.784696001025,0.84233554297017,0.98913554297017,240,240.08556261982,0.085562619818404
11.805152258599,0.80949384398219,0.95629384398219,600,607.18480713937,7.1848071393712
5.3411893296828,0.82565320629602,0.97245320629602,756,783.70653807094,27.706538070935
4.6901846395303,0.81588023461741,0.96268023461741,1200,1409.8586849135,209.85868491347
1.4843692658707,0.68601661982036,0.83281661982036,97,97.246491234,0.24649123399958
12.625867758736,0.73194000386358,0.84754000386358,409,426.91978128488,17.919781284878
13.299488744662,0.74609357108382,0.86169357108382,703,740.03594159208,37.035941592075
11.975575538384,0.7198593747357,0.8510593747357,1350,1403.0306014904,53.030601490403
8.1587885199582,0.78690569393165,0.90250569393165,480,508.61050465935,28.610504659346
12.340766979237,0.88212133246289,0.99772133246289,599,612.60494603616,13.604946036161
16.170435773749,0.8578393637883,0.9734393637883,430,435.5150477944,5.5150477944013
11.581194839299,0.86522124887635,0.98082124887635,4178.2,4326.0989558419,147.89895584189
11.576184050114,0.87694051663334,0.99254051663334,1772.5,1821.1389888692,48.638988869159
12.156887487455,0.8280125146567,0.9436125146567,1645.9,1672.1210274105,26.221027410471
12.061878500219,0.88665763620588,1.0022576362059,1924.5,1972.6624128648,48.162412864838
26.740358729394,0.92491708980899,1.071717089809,648,607.31418505576,40.68581494424
14.945576086657,0.88142767389573,0.99702767389573,8211,8554.9945407955,343.99454079547
11.932477020348,0.79753675324835,0.92873675324835,480,484.57128904087,4.5712890408735
0.89149,0.68559436800001,0.81679436800001,12,12.027114263935,0.027114263935475
4.92236,0.68559436800001,0.81679436800001,38,36.703477894973,1.2965221050274

p=60,trials=1000, fitness=10, max gen = 40, Singer+Rao-3 Chaotic = random, MAE = 61.31097215577
3.8303698491184,0.92736231470575,1.0429623147058,117.6,119.27396485153,1.6739648515263
3.9563971685562,0.93374930160229,1.0493493016023,117.6,119.16897892999,1.5689789299885
3.79264,0.89962697156371,1.0152269715637,31.2,31.493249076882,0.29324907688218
3.96785,0.91442318256955,1.0300231825695,36,36.231911837772,0.23191183777197
2.94395,0.82701322374278,0.94261322374278,25.2,26.20360642947,1.0036064294701
3.85281,0.82408712568592,0.93968712568592,8.4,8.4495645833881,0.04956458338814
3.32394,0.80398900492304,0.91958900492304,10.8,10.996607393444,0.19660739344377
4.5533353670814,0.92247412421502,1.038074124215,352.8,371.97829948604,19.178299486035
7.6063344288794,0.88252258451885,0.99812258451885,72,73.475536682125,1.4755366821248
7.3992102469348,0.90883300840755,1.0400330084075,72,72.778996197754,0.77899619775417
4.7478436182815,0.97629707515187,1.1074970751519,24,17.445052174598,6.5549478254022
7.1062908600007,0.91969574266881,1.0508957426688,360,391.86909822405,31.86909822405
4.03592,0.92814447844497,1.059344478445,36,36.20707568862,0.20707568862015
2.4341418935596,0.85420583653686,0.98540583653686,215,237.2880075021,22.288007502097
3.9204,0.93559334929322,1.0667933492932,48,48.37669111203,0.37669111202968
3.5324632073269,0.90143463594091,1.0326346359409,360,383.61423512466,23.614235124659
3.2075858031696,0.894264856741,1.025464856741,324,348.13108418353,24.131084183533
3.3281922621328,0.88938757882252,1.0205875788225,60,61.764486214475,1.7644862144754
4.6180749773367,0.97842930688502,1.109629306885,48,47.08276301703,0.91723698296953
2.58484,0.82212944903021,0.95332944903021,60,65.012979063423,5.0129790634227
3.19243,0.86544883765686,0.98104883765686,60,62.13588988452,2.1358898845204
3.9059637066639,0.91878207653041,1.0343820765304,300,314.18382009661,14.183820096614
3.572161129771,0.91531658458869,1.0309165845887,120,122.31549739266,2.315497392658
4.7888901738368,0.97251779459559,1.1037177945956,90,89.947425255787,0.052574744213189
4.3305786409025,0.94301198558588,1.0742119855859,210,214.83859072613,4.8385907261342
4.6798192332136,0.9780523014057,1.1092523014057,48,46.606525073614,1.3934749263865
3.3616221577777,0.88363574565232,0.99923574565232,70,71.773887423665,1.7738874236649
3.4425366748647,0.90177624222083,1.0173762422208,239,248.15131993534,9.1513199353352
3.5119378164422,0.90175123810666,1.0173512381067,82,83.477954004281,1.4779540042813
3.52775,0.88725389970662,1.0028538997066,62,63.193448387034,1.1934483870337
3.5482024482941,0.90808818312398,1.023688183124,170,174.53228936846,4.5322893684605
3.5943433281791,0.91472980706788,1.0303298070679,192,197.54700810663,5.5470081066284
3.39752,0.84781306113696,0.96341306113696,18,18.353701307214,0.35370130721423
4.11747,0.93342938408109,1.0490293840811,50,50.212847893555,0.21284789355518
3.79139,0.91765757772081,1.0332575777208,60,60.580170429775,0.58017042977499
4.35472,0.94503986449732,1.0762398644973,42,42.017338905308,0.017338905308208
3.63142,0.90592976616921,1.0371297661692,60,60.752779393452,0.75277939345242
5.431080431037,0.91708494906236,1.0326849490624,444,477.48034221029,33.480342210293
4.04727,0.92019827436589,1.0513982743659,42,42.1556017988,0.15560179880031
4.3351030124786,0.95520287971971,1.0864028797197,114,114.46367333143,0.46367333142851
5.888793784916,0.88355296845451,0.99915296845451,1248,1386.6269571207,138.62695712066
9.9216641819712,0.88465925988259,1.0002592598826,2400,2661.0768312413,261.0768312413
7.0848249088237,0.88539080107012,1.0009908010701,1368,1543.213882606,175.21388260598
4.4920355066089,0.89182224453993,1.0074222445399,973,1088.3437773754,115.3437773754
5.5458523921152,0.92474117847062,1.0559411784706,400,430.10492847466,30.104928474658
12.311162393515,0.88757476679972,1.0343747667997,2400,2654.5012090764,254.50120907641
4.6904690387943,0.90997979237391,1.0255797923739,420,460.21905707248,40.219057072485
5.262649502045,0.94449842857106,1.0600984285711,252,263.62273311356,11.622733113565
2.9335533757079,0.86229758546739,1.0090975854674,107,111.51127919001,4.5112791900092
6.0725192996264,0.907490976369,1.054290976369,571.4,618.43385403736,47.033854037365
7.8713517745309,0.88897306161407,1.0357730616141,98.8,100.89484583612,2.0948458361211
6.8649064835772,0.90785526449562,1.0546552644956,155,160.53158546576,5.531585465758
6.5036864979905,0.89362919707467,1.0404291970747,750,832.80783134998,82.807831349984
8.0337344120014,0.88284757468219,1.0296475746822,2120,2370.515647019,250.51564701897
5.3728979311857,0.91684721757046,1.0636472175705,370,395.73645380801,25.736453808012
5.8237382216286,0.87950913866522,0.99510913866522,1181,1332.5614636575,151.5614636575
3.5352847843078,0.9072768566303,1.0228768566303,278,290.95461956987,12.954619569873
4.85403,0.46080147203933,0.57640147203933,8.4,4.7754502371624,3.6245497628376
2.3031304940598,0.87319059043029,1.0199905904303,4560,5563.7933189184,1003.7933189184
4.6106799438964,0.90200870640025,1.0332087064003,720,802.45479912167,82.454799121673
4.9518858432762,0.91707039424131,1.0326703942413,458,489.62820613016,31.628206130156
8.5940609252382,0.87723182568401,0.99283182568401,2460,2750.7141072909,290.71410729088
3.1836504575227,0.89687878136602,1.028078781366,162,169.42814336011,7.4281433601114
5.3362982790502,0.95843320546727,1.0896332054673,150,154.82560141042,4.8256014104205
5.7006697483332,0.90645003678465,1.0376500367846,636,699.74611816949,63.746118169493
6.0424163361977,0.8886612414069,1.0198612414069,882,985.25082478406,103.25082478406
2.0989202430461,0.84635184116519,0.97755184116519,444,532.37985083707,88.379850837074
1.9841948604767,0.82640106500222,0.95760106500222,192,237.25347073688,45.253470736885
4.2192784455938,0.89936680804954,1.0461668080495,576,622.15837731015,46.158377310148
4.0589160211153,0.90972002588295,1.056520025883,432,463.30008130371,31.300081303709
3.0867152342689,0.87322470726407,1.0200247072641,72,75.015030634264,3.0150306342636
3.4833964033215,0.90242574851517,1.0492257485152,300,316.60039394772,16.60039394772
3.8283182894866,0.9130857309959,1.0598857309959,300,314.22049524747,14.220495247474
18.01693386726,0.90842634054624,1.0552263405462,240,242.03687415627,2.036874156266
8.4309080458113,0.89803344932942,1.0448334493294,600,657.98462443195,57.984624431949
4.1823531339324,0.88645666033765,1.0332566603376,756,836.14643254861,80.146432548614
3.0851062201045,0.88176082382023,1.0285608238202,1200,1364.6569659831,164.65696598305
1.8832568639128,0.70863560046828,0.85543560046828,97,138.48373626572,41.48373626572
6.0824963086592,0.92017657016284,1.0357765701628,409,444.50840959855,35.508409598547
6.9721149917316,0.89734916563297,1.012949165633,703,778.56270649088,75.562706490882
7.6557129128041,0.86345067147028,0.99465067147028,1350,1475.3084345351,125.30843453512
5.0891588946055,0.90833893499736,1.0239389349974,480,513.79522949862,33.795229498619
12.030367152261,0.89624722360365,1.0118472236037,599,629.36014584426,30.360145844258
14.907174453532,0.88932015730439,1.0049201573044,430,443.73830534611,13.738305346105
11.345153215342,0.87828451609795,0.99388451609795,4178.2,4530.2381380475,352.03813804753
11.647804816377,0.88395732708365,0.99955732708365,1772.5,1886.8727963907,114.37279639073
10.490622389242,0.87412412945088,0.98972412945088,1645.9,1755.2016395759,109.30163957595
12.426752992807,0.88698114689062,1.0025811468906,1924.5,2034.9096016388,110.40960163883
24.778442238375,0.93087645323978,1.0776764532398,648,569.43907162605,78.560928373951
13.9183276309,0.89952406922477,1.0151240692248,8211,8792.9527794938,581.95277949382
9.66082223435,0.88355493994526,1.0147549399453,480,498.78265472475,18.782654724746
1.29994,0.56787205807352,0.69907205807352,12,14.147708026087,2.147708026087
4.10378,0.88569341792085,1.0168934179208,38,38.123206881114,0.12320688111426

p=10 trials=30
0.6359556544222
1.2485178436558
0.32481956955673
0.88074435466544
1.0510059098219
1.2976988666728
2.1107643847006
6.0650678668688
15.918131693799
14.680065380109
8.0986113582931
38.163923577659
1.5155733008338
15.825677231092
0.39617877065802
1.3301421475705
12.232531083939
0.35316286935882
3.5015895545035
5.5507492045206
1.0507482748415
2.8896529106939
0.046159911370808
4.7597070895541
1.8382904529525
5.4796409132528
1.7195464657361
6.5452347232417
2.1498011649139
0.11809639830723
1.5090836633211
3.45399937679
3.158011520146
0.79008919953974
0.16018270032398
1.1373462741539
1.0150376193989
1.2778464514646
1.157971550019
2.5364470670821
11.140245473897
512.25337591647
1.4553216485892
18.030108376593
37.142164807998
606.40614658091
10.153239211105
12.884685290957
4.025968963523
4.1736391343682
20.544558203647
17.825788280303
32.925361343847
180.31663989713
2.9387911269891
13.09051980237
2.1232244066031
3.747832807579
357.76902224102
21.714045462459
8.8215814594525
131.46943590066
7.7349608031617
9.495714057889
13.195239015434
18.721211121334
66.030953946176
48.992134082404
16.549973283184
5.7991922889259
2.7442689892083
4.8772895814764
7.0419311735345
161.18524158834
49.013184325964
4.5350045116803
49.801312334987
39.715402141698
22.437033088603
21.292858210434
58.953181120229
3.4520368891813
276.75969079056
248.12502864745
1115.3071903657
636.18887725387
383.38609130302
775.0421905479
527.51887795579
3407.2824653023
167.8968282204
1.5648566365336
1.9029034929573

p=20 trials=30
1.0016411233833
1.6404662101656
3.1344224633456
2.4022249130886
1.0792917376937
0.8621562638077
1.4126930913578
5.5442136281233
13.509702770189
12.663229071422
7.5849704584678
23.284790106425
2.9291342590438
17.843372151655
1.1430004369832
9.7327168453207
12.314133356062
0.24036880747514
4.0060690701296
2.9421077622036
0.19524271070638
5.9067497154857
1.2891154765656
3.0644719152723
0.79786160089293
3.465281538811
0.49316066202644
3.1749464373156
0.54504646544514
0.3993478531691
3.9767956226594
0.21734398661067
2.6763039631171
1.8410287543217
0.14207182743783
3.0217933371783
0.73966827533224
4.3078217848516
1.9733123480444
1.9208792076004
8.2369037791254
262.545673377
43.335842682447
19.093368654075
31.742648293931
690.94017040846
1.4347205341043
7.218469056643
3.6337785006432
18.51124523673
22.756362875219
19.249790234158
3.1721943861239
95.403320036542
6.8292703362592
4.4426476065803
5.2384920722882
3.6951495838298
475.20751244788
6.3476305734547
10.373324883321
231.79221752609
5.5439559149294
3.6814718458436
0.84994281277113
11.352957394053
61.063506674649
29.808487105044
12.474415422977
0.28070738174694
1.9257199641411
5.0378735574203
9.1787493268798
164.2051025194
97.870623854275
21.468588598782
50.911283335758
32.704631508034
12.234758229194
45.616368905968
6.0305611249946
5.8199716921131
248.64397711011
238.04397339018
1224.3429339806
669.64205632638
389.43278305188
809.05728190529
523.01873028411
3696.0941777368
152.48332109486
1.8732342432039
1.6416722340547

p=30 trials=30
1.3286736093061
0.70467854113565
2.6224421540298
2.6493691565577
0.49035673531501
0.94695910988542
1.4797011358914
2.634217553694
14.147268973607
14.111027151617
8.5263402010257
37.429634678676
0.38405601405277
7.262773426127
0.4325578185018
7.3697365440781
16.85835857747
2.6558398813175
3.1836258264296
6.9501699316022
2.0278946040414
1.5867020471903
0.19660717210711
1.7178608859199
0.11057592856994
4.3025425390469
1.3670226945778
3.3669413033509
0.87984569360533
0.23071336640968
3.5081221898494
1.9666689037075
4.8833430289146
2.2768393088011
0.78357568434147
3.298371597671
0.73853358938636
11.081842551393
3.1458083268252
3.1195991352969
16.409098630664
305.62460173913
33.421387080226
6.6218740132011
25.299623824237
682.45146796369
2.0080117316785
0.85610646122092
3.6255806738394
9.6910959576928
20.950242999536
19.436610143623
2.8822729870247
91.547891419594
4.644161601874
12.772460298444
6.4424514964568
3.6541307416289
402.49483964051
9.366065566892
0.013360603432602
155.01468370065
9.4806777772073
13.206220376219
14.878816103843
0.78905373653254
39.817622945343
32.301638731017
5.0796913398303
2.8840706168686
1.9857488408132
7.2931067496223
1.4358462963194
159.31668263804
55.615091623979
18.109194525884
20.182575659156
30.988029785733
9.3358693000837
21.254311142367
52.106780231567
0.7607500523979
260.16455159183
237.89280111793
1050.4341752711
581.13902310451
410.80397808694
840.61064028431
523.20417763069
3632.1774978059
157.74605838876
1.1247485631793
2.0859488776203

p=40 trials=30
1.1441404393732
0.052058114382959
3.4042716822823
1.7059109604032
0.5529988747588
0.86380910141091
1.8661835241417
2.532075430724
15.279591427031
15.026250383007
7.7876143182505
29.065182194384
1.9863580219295
16.628960197397
0.95456677560311
15.982968592687
7.3234921482663
1.0143939946876
2.8450555835533
2.0796879520459
1.4016761541066
1.0911923225335
1.2300651105371
3.2043421760786
0.57808813948793
3.309980753305
2.1845598307848
4.5666215930392
0.4133656496638
0.33222862331477
3.0764560561161
3.7000733483711
3.6030523583794
0.45633898200725
1.23711216919
4.1012088351669
1.5948468172453
9.6212798397328
1.1356557636276
2.3263634660908
2.2501920280422
308.84461635575
33.019251318841
1.9296898728352
12.427077546726
565.46643903701
6.6145680133616
5.5873805342435
6.5130530595917
30.230983127505
20.155852478194
17.265187935982
2.9034587661652
150.66799425691
2.7015285060983
0.92096059422693
3.2659801902815
3.6247113149177
324.64031030427
21.047262532094
0.82986992349669
1.837090296262
1.4549780836791
5.9263767174178
13.362491142097
4.7042068450639
74.820952505512
39.099950209522
9.2609672055071
7.4065004239831
2.1338955829367
7.9195763731888
8.2421052730041
160.10910933861
62.667695345236
31.864213017017
76.644958241801
30.204041587146
15.758842489493
19.826317319948
64.336636134497
2.7795509381521
290.80512291109
236.83923679557
1149.4993242166
657.12296093412
387.49457430242
764.43251909704
523.69622883826
3865.4452650651
145.17465509915
1.6941541723858
2.4669345703654

p=50 trials=30
0.34510799196713
1.8496976218502
0.73759123346524
2.4759363109048
2.4116881073539
0.61286216571139
1.4250614825714
3.8447151345513
14.919086151642
12.978950815105
8.1883925968995
14.62889155513
1.9041085338864
23.116236406894
2.1749552038747
8.472633976171
11.828294496499
1.1931279400182
4.6111712998835
5.1363651476771
0.036495786650526
4.7916059329548
2.0841600213774
1.7976675886403
1.9198137012891
3.9241442075239
0.067325936058097
4.2710628831719
0.0916732848995
0.025022263443844
0.24872917471964
2.9519691721448
3.8862759036955
0.78836487368456
0.36430050958828
2.8454859801198
0.36256185915936
0.71523405131205
1.7479945451252
1.4177101297064
33.330991335545
254.60359331458
40.980976916043
25.44304314558
14.920561615749
623.44267412466
10.550412040542
10.772225677033
4.1127250511584
12.520522160479
19.249820217666
17.785865197991
28.167793544853
21.561001960521
1.4013239978326
21.22271986099
6.260236205709
3.5855920032456
772.7607383488
15.653035034442
8.5835016014779
8.0939919555608
6.7113002245524
8.0105416736068
33.86970397173
19.238172981275
71.243799357966
23.807707946095
0.45547393273148
7.3247920217838
0.33349610913433
12.59845901428
7.0660546561931
158.14658482951
76.093972864415
6.3617146126904
53.557536996285
32.200243240326
6.696696016868
27.094184290131
35.738553136647
0.72106022879183
263.70745146525
250.97887793991
1314.8753646649
595.48903419729
392.60388667867
796.4655286044
526.10748292994
3743.919861548
147.9877736176
1.5821094247803
4.6193589050328

p=60 trials=30
0.9303601853935
1.7754047767888
1.9126554392419
2.813450443869
1.9843834976906
0.76101229315338
0.96136852765624
4.1927056258491
13.054203133707
11.886063648151
7.8375874797838
41.336689069838
0.31700708590421
23.528952615138
0.10918132558668
5.4681043123913
15.498918621804
0.13039130748541
4.7000081846027
4.3191957417008
2.2684221498693
2.7713092446382
1.2103423645861
2.7421203794369
1.3827236322908
4.091907076947
0.57647651846644
5.0478959909203
0.46481813515396
0.58402946137327
3.9563872008193
0.37864262025857
4.5522239553597
1.5964114516525
0.44322688848923
2.4319278776219
0.53896833959329
20.177274951425
1.7943148448888
1.8070263666966
3.52357895305
204.05710937443
2.7369125354107
3.0112806886012
3.6487048741447
609.44484211878
0.22779700918977
7.9987904655491
3.0521478439736
14.249234838116
21.042101878266
15.460207455485
19.374915827024
63.760353171932
0.75505466450562
7.2210802212242
2.2190251254095
3.6065252812875
641.61331781791
25.88209283689
1.5872840045984
190.00078712416
2.8821251099701
7.4187385792686
2.5395549422587
11.272337711273
63.412504820732
34.213762645873
10.775507473951
11.863215569284
2.3971015619961
10.678063681876
3.562135714486
160.86229946412
58.288934213657
19.626898207164
67.674816955074
27.27470200909
4.7940797113254
18.527583127519
40.429665887434
0.58695716203175
252.40671183522
235.24908473585
1277.2411317605
706.19823599065
392.47480150809
824.90023540063
523.19990927576
3704.4194121066
166.16884092068
1.5091921715972
2.4997579283578

p=70 trials=30
0.53228859114529
2.2293283340455
2.1180538061372
1.8497500795373
1.4458374142295
0.816327522741
1.0893096573899
0.29482051379983
13.657928498975
13.61452641554
7.7379659717205
15.960222840211
1.496025719317
13.971241638906
2.2828597875728
6.6391771496389
12.299247495965
0.30758807547564
2.7356568005006
2.6462561432137
1.2283621065148
6.7769526653864
1.6828879023211
3.2248798271662
0.9388768999022
4.9259579147512
0.24641430653588
3.9330822623965
2.7876969555799
0.65741570543479
2.7528172029851
2.5810350258164
4.0126771079217
0.70737052330379
1.4085052853934
2.9010341022613
1.8737857360814
0.65130773160274
1.8521446518941
0.92955446116014
18.125776551047
285.46868718973
2.2123614273924
24.502989841375
7.3469405678451
701.05635928589
0.14474586997989
8.830519967326
3.5049732418157
3.1453841799913
21.184138443392
17.401453285437
14.547265093367
73.478920440324
3.5446244707183
6.7092979723861
8.2986009529976
3.5573507404998
401.14709583812
5.088038733791
0.75362008387509
128.4267128496
7.4168675629177
2.3369775826451
13.67427330167
14.589208659677
45.258819860505
30.457081032323
9.9140210700796
7.7052395934991
2.6523380438585
6.9582275771987
2.0798328486727
160.54330652269
54.363164011998
24.520528599421
100.58511014614
37.464041912985
7.2054903059271
41.067619023663
3.8326173086718
9.0785142617712
254.34352351911
235.84760520797
1140.3476014438
582.95615406507
435.50542006823
800.47205402409
524.74898693458
3471.417041916
155.42636430065
1.6243651820725
1.7487403752706

p=80 trials=30
1.3872903066023
1.7788656920224
0.44775747872525
2.4810473638274
0.98138949968532
0.70069234159881
1.6984393989405
0.47226027624288
13.987194604224
12.020483839778
7.2418141473644
19.416289721674
2.7435143537869
14.410358609538
0.29526984220872
3.7377303645809
10.284667853886
0.18559840313974
4.2569452823455
3.7393225720474
1.8953988024616
0.81088008012279
1.4715164916429
4.0404643696627
1.6813331317182
3.48201896408
1.2835540055867
3.0104818206628
1.4600204977669
0.032569286310725
2.9034820133801
1.6346862735681
4.0740033597557
1.4537451626167
0.42357015599986
0.40393065822427
0.95043150546223
2.936490053935
0.055472935595368
0.54222953416848
5.5174995447967
426.38119594164
22.621751426811
27.059348314962
3.5781162202193
660.82768355061
7.7556114278256
0.67049952988253
3.6817155828968
4.120411445365
20.767978291686
12.772429413181
6.5071397283783
76.482289442232
3.3381986776845
0.79302276314797
5.3985032339846
3.4813035846315
364.49798575697
28.015677198298
3.6496457733571
142.69990455557
6.0025998961672
7.4921085254692
6.7993187484703
3.5702684392281
73.108609982267
32.255106602684
10.504593408816
4.6980137598345
2.0818283118324
7.6745101270568
0.76593604230214
159.7466135826
62.16724064924
16.829133827758
54.80955977299
26.428225721232
6.0114144763489
50.314353099352
40.751104269928
2.6190748192643
265.18895023688
235.90826212962
903.90371498055
636.05115600221
458.25762552504
790.41823524971
523.68251380519
3630.711874349
161.87476901067
1.7971209530739
1.7442693463279

p=90 trials=30
1.1357909641398
2.3697066612207
0.072516595567397
1.3409080585809
2.0740318066077
0.85099483615107
1.6487979829432
1.8270188598311
14.48271741215
13.543053304258
7.3570948702068
20.193606085586
0.51366909664895
19.567688406884
0.35066535220614
3.7254272162818
17.275628977122
1.8423571301316
3.2390568438325
2.427619269371
0.46920832955468
1.6515351729992
2.1104589952806
3.6081526540158
4.2894034504924
4.0884421819099
1.0094765379015
5.5444152067597
0.11944170498062
0.81915574339965
1.5681850112969
1.7855248791926
2.3960214757919
0.76471682380861
1.4918450856314
2.3078511848114
0.52362001352235
5.3218332445218
1.9131859465299
1.2201283173636
9.9576304211157
189.2910337927
18.605913592866
10.430295880631
3.7974628787928
556.96062002242
7.4628725602705
7.8805509589635
5.7978693241152
28.156924699568
18.964245571328
18.16233871021
29.140401610737
44.223290417144
6.6785596209006
2.5625264052094
4.4297798445349
3.5867222454805
372.08404786034
11.378832693835
4.225299500618
209.24041426121
4.7462956502647
4.7998284136213
2.549902827624
13.578903259068
76.679877904505
34.633958104085
10.578107341131
9.0859770543447
1.7855813998758
6.765140427905
4.1398090933399
163.28508983008
62.117511217947
23.59493303954
80.13524912128
41.909004846347
16.543871645264
18.887597517934
16.553376517647
2.5497713366778
254.47946553468
245.01193510339
1048.9330799477
650.02666609715
374.02346031521
811.24166425028
522.32657581559
3627.7443320464
151.5122801988
1.4694830143863
2.1948450667274

p=100 trials=30
0.12246790757608
1.488597202612
2.2122345504085
2.6068000414726
0.031334678290364
0.7215309785372
1.0488624043917
6.4465793767586
15.167185591879
13.539578435966
7.7257251107205
30.957980756511
2.3453163653431
10.794448387748
0.33678077328874
6.6197996744966
14.998627704539
2.1753628815047
2.6979180763813
6.8473315400449
0.38699254799452
2.2313186040913
2.738653859494
1.9484539889116
2.5105369954008
4.1449992462961
0.020690099138918
6.1362313938617
0.71199406513757
0.77733596282612
3.2285365614662
2.430733305451
3.6258727963146
2.0067752173119
0.46701780856935
2.4379962107865
0.096024901817913
13.142950153883
2.495426040776
5.5758897846454
0.44173136319273
193.59544407927
6.3920574408162
22.707136958646
13.737330529302
812.07775846017
6.0189641535873
13.71453543282
6.7598552590918
5.1552674096165
21.871434300595
15.987172475614
10.259891708742
16.072289928954
0.10366748102518
8.419943552459
0.79313025696371
3.5525702900976
337.53897511745
0.74559006789843
7.0557534947521
172.63038894472
6.6076298579518
10.687190652665
3.1770560455362
5.2564707768976
56.70485686476
32.627354984871
20.169362026046
16.929827770657
0.6701653749063
8.2348487636673
0.028392715524262
160.37963347188
60.798187608041
20.168385525747
56.016968940021
33.518614686287
2.5214782111764
30.60178314392
33.588217542001
4.4153335583131
255.13219135879
237.85249012547
986.79279986484
658.75342536897
417.22101449828
865.9948687563
522.62449230604
3638.8491032242
160.37206830978
2.0399069954601
2.2863615699895

p=10 trials=30 Singer
2.0716646399979
0.49434034478678
1.322850976938
0.21884072956949
0.96928021277011
0.12317592905323
0.45763368923712
2.3271259616205
11.970661883161
10.034301244831
7.6171785367525
13.740143670372
0.87519131176276
20.833132999644
0.89126900985995
17.646150807119
14.160672160517
2.8099395340184
3.6895434147924
4.9834821974896
1.7494782824851
7.2481564138477
2.3726863769397
2.8692501305296
1.443873536281
2.7449595367335
3.6402569957032
8.205268679663
0.21022795630853
0.13214327518807
3.7000604490118
2.33215360516
0.20422007701669
0.31816009105525
0.16223496117313
1.8983737279091
0.74543545410164
8.3798854692388
0.82077923758627
0.62263651301619
20.174037614211
100.18645123018
18.760714108058
24.274548509517
1.2749917311714
456.16750001578
12.462424843768
0.56850211654742
2.9145337686904
1.7766815302249
16.653759073219
11.398504885269
2.5756891447159
13.652499666787
2.0199094006726
26.48107118873
9.6275770131001
4.0553038400145
497.79217883643
21.439973171185
3.6044520820836
37.392227827442
10.160906678084
1.2508891944831
4.9901870204153
7.6915306552526
77.993890767128
49.79513035736
13.493540831971
13.146739285596
1.6052503974289
10.782780768003
8.3496656713641
155.14883670259
32.905680514726
6.864064714595
96.745297114242
36.138746121191
0.81911062057679
16.284496341947
1.3809929881822
3.8077922522298
234.70377459263
229.66816093405
765.87158087637
573.35738012221
315.39422709565
734.87520613542
519.78730284626
3241.1824566446
140.56985436682
3.4567270415953
0.76969344982935

p=20 trials=30 Singer
0.025655965394549
0.58573774568563
0.68650167506431
0.21029207632945
0.2993608123518
0.060000832217749
0.17558321125884
5.0384618769758
11.989306635752
10.034456119022
7.3587699966291
1.7058748211718
1.0222443777814
27.740444355434
0.44276355358856
19.118696206967
19.533770236957
0.76993159224369
1.93683320507
4.1859727561497
1.8575509273244
6.1547733644497
3.3949054280074
1.7400810803976
0.16549902301512
3.1248319125125
3.5335371100791
7.107085590009
1.7207362883206
0.10768246280259
4.779210326631
2.9679762238324
0.12615786140249
0.36683898720661
0.70582009078088
0.31495241089003
0.91313655021379
1.915053417287
0.68726329367385
0.46182564269593
24.127531217156
17.004847713976
8.5597946401749
40.801553296296
0.3862412482647
384.00802382451
7.1210207404367
0.23199058510062
4.7097460990125
2.4580584453707
17.15675865044
7.205915942084
5.7538912396111
6.0756030908351
1.7605273126903
24.412413947748
5.4695431657108
3.7683576897693
426.47245645882
16.990237698346
1.8687402531553
20.881077686508
9.3915822952657
0.46802504802855
3.6142506510406
10.929878168303
81.528402779439
43.488053941198
16.689163083199
8.7275877835732
1.8609608536084
9.4792228378446
9.3969692175585
154.62113926279
2.3543234413253
31.911329111001
103.96247091881
53.196447582594
0.27364177806226
7.9077975398087
1.8729149557114
4.1764998659867
228.86764169405
225.64177333164
632.74178664661
509.4428233406
275.57598088801
703.37506837465
518.57985457268
3080.3674456835
132.74566970471
2.2981753513558
0.10766202555478

p=30 trials=30 Singer
1.2807116494937
0.85431942497601
0.42739708130175
0.28579923219976
0.86390886896827
0.041068517613265
0.23752551144162
3.8333408331504
12.142712463843
9.6597783145794
7.2334863897766
4.1403661719949
0.23079102916627
12.885562573523
0.088514869940276
17.732542561207
20.77071186557
2.6948097388494
2.1205716821752
4.3401333830028
1.9319658185733
5.5441694542336
1.3505809714765
1.1565589821567
0.75789712236389
2.9710684174436
2.1277080835871
8.7551907663931
0.23155076878193
0.49946254193357
3.372910138864
5.682840403296
0.35382792151265
0.29188130178192
1.1036071960072
0.51197296973707
0.18414370266579
3.9375256918497
0.15363805971364
0.7755928421147
15.603132121895
26.502940847185
13.424098868733
30.831647045832
2.972345689776
386.42730096564
2.7633748990951
1.4086834423179
5.3147197564028
2.2671124585437
16.097787703615
8.4212813433749
4.6231890641062
0.49957819095744
2.6206244360559
22.899711198043
5.701038065338
3.6996339416474
609.92445829913
18.32365642326
3.4533961642778
1.3475438815726
4.4804494043428
1.6947734349118
4.6202669639169
7.26445167336
63.167487912949
41.063028401054
19.184180351005
11.525261969581
1.9134772085592
12.83092170843
10.375333854723
154.00491373776
6.4868639276189
30.284003356438
114.46443807317
38.88779015536
1.7055999674066
0.8298320338389
2.0458130037543
4.8293342277269
226.70979960194
225.25251629862
609.55110848488
504.22254099863
273.98518419331
693.93178309137
519.58568700695
2979.9807767963
132.52334498478
1.5418383327457
0.26249206668764

p=40 trials=30 Singer
0.027717257440813
2.3334221231048
0.092804469845099
0.38801551386139
0.72575345051682
0.023244632094441
0.14920736152169
5.4287275114177
11.832712885755
9.2493469072875
7.1114783634476
1.3260194583007
0.29116781300304
17.432983961815
0.20511361901979
18.671344689859
14.54125879799
2.0981661323463
2.7952806867208
4.7822670206357
2.5140606340098
6.5305718063123
1.8140839219138
0.016775271810744
0.81724866496123
1.7738071030815
2.4351311800369
9.2548086638348
0.33690549480323
0.68712697289614
3.5178744506237
5.6505509183553
0.32391392068767
0.54101058334973
0.2484249766113
0.51747763302139
1.3321157191735
4.5002477025916
0.51483898295079
0.11423491249197
15.428685287328
0.43567320419106
14.506122640069
30.01271305136
1.2845210587014
371.17088380952
10.343626158271
1.1835924936054
5.2352327680555
2.4800775745074
16.829241964724
6.4914892125951
8.1259442981384
15.684238804738
4.1710138150991
22.739636583679
8.2656616031131
3.6632599843323
583.69775540713
20.739633439003
5.1826209119342
16.854747742753
6.4728781036496
0.22957565099725
6.0724063724006
11.525337675543
2.0579865932507
43.761585115389
19.542532299325
15.788408065483
3.499391701799
10.734703521275
9.3885834263269
154.42371327796
0.9677338992974
28.621951443086
117.71563284474
37.713685850804
1.5678164364234
1.455188529172
2.3039758167454
5.0883525041152
225.8278488119
225.96707065159
645.92566495509
502.24718398591
275.46408350074
690.61533589294
517.89383325965
3020.1865539788
130.07292712211
2.5447293095464
0.27064621282613

p=50 trials=30 Singer
1.6214492892482
1.207846157603
0.079563582526067
0.077137484191368
1.0530419246577
0.010938243019906
0.1798652331124
5.5654505598797
11.933157917661
9.2160239474602
6.8522446140846
0.52122382859181
0.0095772443845235
16.69433714922
0.60776338495107
15.91644786397
14.26414681814
1.9506829356015
0.92992362364765
4.8469318743529
2.1071444434434
6.4430863871131
2.4412565595205
1.1057137550125
0.95120716062152
2.0844389019159
0.74789477598087
6.1459202526391
1.3744110620124
2.0995501194198
2.568047219534
5.9869099482982
0.33102116173499
0.0098296665169642
1.0561229045694
0.23180219051409
1.292038779232
4.0542429228253
0.28968659945274
1.4453687442913
18.943148062742
23.824325864045
9.7927307622115
30.006781310803
1.1599379058144
389.19531532288
8.3935808182568
1.101544465766
4.0858614010008
3.5764739779488
16.799685065583
5.3508740430005
4.3030705465476
4.8677939482031
3.4201680036018
19.975745563449
6.0868257997876
3.7037302036353
641.94479514067
20.335357824921
4.827735194562
0.31466562592686
6.2468679824885
0.051832893568246
5.7106215798088
9.4907581226247
74.616830182027
33.947152142169
11.742880506662
14.355743561597
3.0405924895823
10.619112608908
7.4525687530946
153.8061104912
8.1576363263096
26.405661135218
97.916694756038
32.394982748507
1.9745656222283
1.3173405607942
1.460631004506
6.8150613800134
226.52674221162
225.22276430126
651.15261459974
508.86068715689
261.90815879971
702.53464808247
518.62850773537
3013.3638209488
132.30138868138
1.9055811663704
0.043537032116923

p=60 trials=30 Singer
1.4649911232932
1.2019718853514
0.57623096058586
0.020719607134474
1.0543792958133
0.04132742034024
0.24620328398153
6.2840045410074
11.815770302681
8.8750485668311
6.7938135011358
2.3877307252231
0.18950319323966
18.449140386415
0.26664341001497
13.117899980962
14.355267155915
1.110520654389
0.1704497085456
5.3459358368424
1.1549963345577
6.7431845576861
3.5656029121619
0.85730255513357
0.6165930593057
1.6255890324899
1.6312228061583
4.7538040381958
1.1400078882616
1.1191828750817
3.8914152669707
4.4170056755626
0.43515179245639
0.044383117795078
0.57978734125931
0.32139231860678
0.1166406879641
1.3081304513215
0.34588444647645
0.64845404383655
19.637535281416
11.897545187063
18.919880574575
22.605484452758
3.5733799429607
366.89525913033
9.0731121212388
0.89621142213338
6.3948743167986
0.38330955111223
16.335742481302
7.1742601791224
3.0774032135042
0.8313778955976
1.5475127366029
21.117542462107
7.65836792085
3.6571267516904
584.24463451745
20.846838644709
4.2689482732969
7.6496364877626
9.6677359046834
0.66747394581455
6.2935601152569
10.676094361529
61.790993823596
42.562309848334
19.053280499092
10.097015046024
3.2581583019173
9.1258270767346
6.8994172696351
153.5670915959
3.5230582843155
25.682164953588
91.01719825142
34.449358268575
1.3466755496192
4.0942400081414
2.298725760864
3.297718445078
225.67373096842
224.37642397033
625.54305453283
502.6389659464
270.84785585235
710.10361995276
518.54876537186
3003.4350746132
130.7626150028
2.370779625787
0.21201945963906

p=70 trials=30 Singer
1.3379616071907
1.2434798313513
0.12846397542055
0.047962184751938
0.94034741260155
0.04704323309581
0.11639697707176
3.3074551751127
11.816736792143
9.085141284411
6.7643448532737
0.62414432728752
0.44021009656681
22.771761459237
0.29988153709024
11.095296720443
19.989915340747
1.561992115907
1.4500268074699
4.4354766894863
1.6851596065191
6.6863279555124
1.0646915223652
1.0551929081592
0.16348168586038
0.89064562208563
0.7477475037368
6.6501570775583
1.6387083905932
1.2225233027135
3.5164888281148
4.0629343075549
0.3137458981542
0.32108205134454
0.96650981986052
0.18311126120452
0.77725045760848
2.3286724110527
0.03713890780196
0.051672304797918
20.110084770087
19.809862501843
12.347461542498
49.435019340721
0.11212595320671
373.10789589417
7.6289367824556
0.37695731890619
7.0424401767399
1.527717631904
16.499928546548
6.5409705169065
3.6576951801134
9.3657558987697
1.9588691164739
28.762434553828
5.9805863583833
3.588387577736
815.573430197
13.347063379858
6.5668236133565
15.923889506519
6.6467147718333
0.22365784877283
4.0480197414407
7.6461151412395
58.987121700627
32.609820281425
20.442156987423
11.421056863617
2.7090464924881
8.7566927646886
6.7567283722836
153.85074414963
3.7358899089929
32.290553171512
86.807130099059
29.960264527722
0.12077970770713
4.4255704538383
0.10384475099431
4.1060836981768
226.73415405463
224.56401035664
610.4862491283
503.36173029567
260.09693146819
690.1773590234
518.70384097754
3012.2405500331
129.20914377732
1.6163892656296
0.26820530011786

p=80 trials=30 Singer
1.5865807376407
0.88577550417497
0.4396081314402
0.40407902780735
1.0825040423261
0.082057904134949
0.20444241090244
3.2527755318719
12.029048153964
9.3062356484805
6.4327263399364
1.456053403819
0.21522290904964
22.670614853301
0.65537860184432
14.440977190248
14.519735546245
1.4456217264674
0.68888966179468
3.7197233330072
1.3568684846827
5.4545679422484
2.4397511879566
0.38880264258424
0.8965805461996
1.7829796756251
1.618010938617
7.5311139036865
0.97131167419249
1.6512737668157
3.3607849483033
3.3078032757113
0.40448101248244
0.050020339184265
0.71534192678175
0.08149283087139
0.80501807337728
0.64273930952544
0.31513875920737
1.0906639233056
17.94117504267
18.325713673458
11.133811607132
34.417081176451
0.32725689494185
358.94054472549
9.3578680813106
0.36519071804366
3.4955049246019
0.2636052841242
16.488380804955
6.4079010636349
4.0682562644813
11.551053700815
1.7370857734931
30.149945092217
9.2430706891715
3.5763550654551
464.91587502832
17.19154456336
4.1759625631421
12.764145347387
7.1516355640664
0.53516916109666
5.4995389881984
12.965165458906
92.518096319975
40.000526060306
14.261447352557
9.4883370365649
2.06974298177
10.981935836864
8.0547355827075
153.58005050152
4.4575992069113
23.69785951006
109.81836545352
42.825826851401
0.79752100740183
2.1085052102002
1.1284402203546
4.3460765862336
224.72097453504
223.54363690964
633.10083549787
508.91520163155
262.54626734036
686.49889138299
519.28472368438
2997.4743185144
132.20919980761
1.6645049112967
0.15512291993563

p=90 trials=30 Singer
1.2075937610104
1.1781326030766
0.23008890012581
0.28762485190703
0.97004384590147
0.057967436019599
0.2151583733754
6.383140385462
11.91456698209
9.694686086912
6.2025226903889
0.789328424129
0.31080751458629
24.027748285212
0.63072847301784
12.18927906575
12.230135495707
1.5390527925118
0.054105183715784
4.810808150229
2.2959668500707
5.5780085035818
2.5802081378459
0.12455534003732
2.1553725811376
0.092340349861182
1.2654250782859
7.0684257572505
1.1518245765445
0.57772777653557
3.5518615502034
5.0540777066851
0.21837521383246
0.087991848045661
0.29549755726757
0.27531922415459
0.58036584154889
2.3483845733607
0.18853282772346
0.44686898903464
19.719287543492
6.7034599847766
9.2882603765831
30.081116032225
0.10930691095871
357.30301744585
8.5768936872356
0.51217351422281
3.9593903504151
2.9266616843863
16.585747041297
7.0400006877097
1.8453171289825
15.399825224663
1.8199718480095
21.115748127857
7.0143212982738
3.570291071394
623.19733519258
23.329891952254
3.3745052073538
6.1043876485201E-5
6.9882008619945
0.1628941759858
5.4197577385279
6.9197716904624
105.06939729308
51.793020221457
18.034161067153
13.339869592514
4.1190713552553
11.025152454787
5.078203000649
153.77849325854
4.3917815098165
27.490729950048
108.01929814436
50.167750532731
0.99241842912232
0.5099669326637
5.5599669491774
5.0952428719016
227.163086811
223.0672737624
621.49679908713
502.40834587444
265.43482041769
685.0977563501
518.28754349602
2999.8327511769
129.90094202215
2.2307437192682
0.048848532618329

p=100 trials=30 Singer
2.5036297796033
0.060901531206014
0.24197573522971
0.18029123517231
1.0893436798517
0.044577832876005
0.22899424192822
2.9294175586525
11.818475298251
9.1342962114048
6.3277563188816
1.1430459170366
0.40850219222004
18.250132340493
0.38605792980091
11.322245233298
23.446941370889
2.6332812421039
0.62861308992243
5.0791681591712
2.4185393538197
5.7018690808575
1.9513136675094
0.92114363213221
0.72699083416825
0.50195953324543
2.792933465972
7.1073610602816
1.6490699552031
1.0950915613614
3.2586508495721
3.9152866309348
0.25300133177032
0.23306684783049
0.42942867357427
0.37751221478969
1.181488962423
2.1688989979828
0.1846530433991
0.088866538218468
20.73438105788
13.501928926387
15.162798767134
36.857737284261
1.0137381993565
408.22332943287
5.5434986797479
2.2716079597188
3.3601313929215
1.228273686527
16.446593299906
6.1669040569809
2.0068093513287
8.0094367546376
2.1036696007989
24.660912381016
8.0388881861036
3.5477510707369
552.95811109897
25.851898134768
2.6925196093979
0.62592094942784
5.5928317392853
0.15945820647531
6.4491247670639
10.844441484774
66.47484538534
36.576607808409
14.11962478072
15.962147372068
4.684739441912
7.9173162807675
6.0117462393748
153.56132588356
5.707858407318
25.5503501757
82.977094236379
40.042116732015
1.018331433291
1.6690676549899
3.0941389307036
3.0973933179683
226.30372968686
224.84540167182
604.38212140331
491.79907224969
265.5103876698
699.22998342878
518.70294487239
2981.3453276776
132.2374999067
2.2193078048441
0.049226272647275
