0;0,49070419269039;893,26146920503
1;0,49127236798845;845,05774345715
2;0,20254946221253;336,33983951378
3;0,20696169450758;354,99871048413
4;0,25149257132079;410,14590415514
5;0,071369124086323;122,17695248548
6;0,10343119957821;177,648996627
7;1,0905383268552;1831,0429802583
8;0,19000200210651;345,96451749407
9;0,43849469631457;713,57142072178
10;0,16332340395361;270,23732620067
11;1,5111426534131;2526,1890060396
12;0,27361843575263;485,20936453803
13;1,5583595907717;2597,9742659651
14;0,40710464157695;720,88201633938
15;1,6063573042839;2682,2063708877
16;1,9986181083231;3717,3177677995
17;0,61439891220518;1054,2810371082
18;0,33569745480941;580,26938087884
19;0,5931678125702;1165,5609614247
20;0,38086941304303;705,48473042309
21;1,1535061246812;1867,1412424316
22;0,54955581220558;974,21526941448
23;0,33739490526484;602,96081375672
24;0,71144907378124;1323,5055617439
25;0,23947814340115;434,50696876581
26;0,35686723189671;609,64990473748
27;0,85757832762324;1444,9738104107
28;0,35785559913659;626,47461759832
29;0,31655421656802;514,81669687862
30;0,64182929424085;1095,4274120236
31;0,64691675782111;1258,3378677318
32;0,14957733597581;261,69380494038
33;0,25270682675632;421,83202495143
34;0,32968269378101;558,32935095586
35;0,17209573829473;314,56113206515
36;0,32130042581145;557,42346363795
37;1,3621923287351;2323,3508777096
38;0,20474533560705;366,31200644503
39;0,37874640885925;656,16242733606
40;2,3240587257672;3723,4445023716
41;5,0072385133723;6406,9323699764
42;3,3220305450816;5328,287241208
43;3,4242250286401;5703,1614948633
44;1,2564476386752;2188,5182259541
45;4,8842619506769;7579,662621975
46;2,1673372300188;4323,2839166152
47;0,80862302976096;1469,4408923047
48;0,50033422086206;873,39162355549
49;1,4793618472916;2288,71673752
50;0,28727059710819;523,32979763835
51;0,43691926327984;780,02773317319
52;1,6734381262585;2919,6153648725
53;4,4103935098077;5461,6042733434
54;1,0177013665285;1655,3907638301
55;2,781233288094;4482,4240435288
56;0,99146512210059;2128,535586338
57;0,033021265122662;57,565116745278
58;11,202496817314;19070,840089142
59;3,9375644710853;7378,7648045801
60;1,2104858706717;2016,625165663
61;4,8770024345403;6284,9259716945
62;1,4414109538422;2380,8857072252
63;0,74412019407655;1270,0051128699
64;2,0431044720473;3677,8490272645
65;2,1802884909604;3795,1829844018
66;3,6925304716939;6975,2771786051
67;2,7361944076859;5392,5472352678
68;2,0704026419774;3931,0010217586
69;2,2273357706013;4079,8998660378
70;0,67924415801877;1195,1303827115
71;1,5929783594962;2771,0458156633
72;1,4242584073955;2605,0799882413
73;0,44952068657094;790,19205341586
74;1,8810196984222;3165,4920245189
75;2,5648095140121;4317,6693023461
76;4,6837292346419;7995,333737319
77;2,5619825788995;4284,6948125702
78;0,92281939381016;1769,5470162133
79;1,5262726222876;2467,5653493203
80;1,6543689487671;1436,8075471172
81;0,93107844487847;1622,3639017471
82;0,75919101571407;1196,4009891674
83;0,54198605313763;803,08267125411
84;5,3523488843244;5292,9410178691
85;2,6356747116995;2487,7385464399
86;2,7425310331215;2319,1238687447
87;2,3660650402734;1967,7384656821
88;0,43959927096003;391,01913712009
89;11,187033796269;8216,8068473022
90;0,47249782838748;647,61809244245
91;0,18403828081122;312,21458356677
92;0,10376785652701;169,58723849149


Preliminary trials=10 CRao 1
115.25773932952,10,bernoulli
32.848644376924,10,chebyshev
85.338965447744,10,circle
80.435027871755,10,gauss
122.27073618741,10,logistic
122.67633543732,10,sine
67.990073282217,10,singer
362.16850174179,10,sinu
125.07910322985,20,bernoulli
34.244767279768,20,chebyshev
87.240462329633,20,circle
90.730470170741,20,gauss
157.30148737404,20,logistic
132.23426899,20,sine
97.122612695197,20,singer
283.29265256901,20,sinu
125.79224381753,30,bernoulli
41.41744670129,30,chebyshev
78.15835906205,30,circle
110.52313952602,30,gauss
160.62119979241,30,logistic
169.15587477386,30,sine
85.901139450395,30,singer
315.91269604373,30,sinu
122.2748007143,40,bernoulli
39.439730621096,40,chebyshev
103.82891282435,40,circle
84.336252009533,40,gauss
160.87368451647,40,logistic
148.34642579662,40,sine
117.49485904798,40,singer
297.60596981515,40,sinu
130.55192802919,50,bernoulli
32.024318109497,50,chebyshev
120.59308082923,50,circle
104.62422939966,50,gauss
140.38768074963,50,logistic
147.88407677362,50,sine
90.058399542655,50,singer
268.7406973943,50,sinu
129.57631147266,60,bernoulli
34.561744312205,60,chebyshev
105.18700340127,60,circle
112.08968527094,60,gauss
164.1574873616,60,logistic
167.32931056933,60,sine
92.538633797938,60,singer
379.41254519624,60,sinu
156.87286314061,70,bernoulli
43.989807418492,70,chebyshev
145.31223406118,70,circle
124.11698194298,70,gauss
130.68590098085,70,logistic
177.08151386866,70,sine
90.286564616452,70,singer
292.70140514249,70,sinu
154.09257686158,80,bernoulli
32.777033514471,80,chebyshev
116.14416391253,80,circle
114.97759142581,80,gauss
184.48357079654,80,logistic
168.89173256882,80,sine
96.397212408875,80,singer
308.00792285593,80,sinu
167.643705944,90,bernoulli
33.151930890545,90,chebyshev
104.89573612773,90,circle
135.66662563323,90,gauss
166.59073890048,90,logistic
172.77074055064,90,sine
87.264928313039,90,singer
302.69066161846,90,sinu
136.60109099431,100,bernoulli
27.760776145831,100,chebyshev
106.60830068784,100,circle
115.48161162104,100,gauss
175.82075713774,100,logistic
203.01538512982,100,sine
90.282329185911,100,singer
279.47719082451,100,sinu

Preliminary trials=10 CRao 2
242.9624203384,10,bernoulli
1637.951374185,10,chebyshev
156.01074748538,10,circle
202.97426205992,10,gauss
554.38488035853,10,logistic
641.23405192543,10,sine
464.50810707554,10,singer
319.82443914008,10,sinu
403.05557218902,20,bernoulli
1062.0855624414,20,chebyshev
161.44473350664,20,circle
239.75704951177,20,gauss
757.57320792369,20,logistic
595.11136279753,20,sine
396.75341765954,20,singer
304.37629330828,20,sinu
434.38426332234,30,bernoulli
1178.2308206033,30,chebyshev
198.183633881,30,circle
251.02866308227,30,gauss
692.36975664709,30,logistic
708.46977832566,30,sine
596.10653184601,30,singer
386.26285490513,30,sinu
300.30330852206,40,bernoulli
1067.4904950818,40,chebyshev
171.90362956072,40,circle
262.15371483241,40,gauss
687.16512552512,40,logistic
786.60785916439,40,sine
518.85934511612,40,singer
320.41282181569,40,sinu
320.24221954139,50,bernoulli
1034.6309585552,50,chebyshev
167.01879117283,50,circle
228.84011687157,50,gauss
762.40212793834,50,logistic
722.89791260594,50,sine
756.86447708011,50,singer
381.46870868107,50,sinu
392.81003246383,60,bernoulli
1056.0655508669,60,chebyshev
202.36903737934,60,circle
274.34319594458,60,gauss
608.49275172664,60,logistic
749.08433459188,60,sine
492.16946413854,60,singer
354.50746427917,60,sinu
377.57479336042,70,bernoulli
1039.8101611495,70,chebyshev
185.24353672246,70,circle
287.2776016882,70,gauss
745.71842919364,70,logistic
720.00441539214,70,sine
762.29701481858,70,singer
369.93129953777,70,sinu
447.38234473714,80,bernoulli
1124.4311453411,80,chebyshev
222.88228479097,80,circle
270.6808315021,80,gauss
563.77837986037,80,logistic
664.98291739765,80,sine
422.25575005543,80,singer
543.33480423864,80,sinu
309.61620630349,90,bernoulli
736.04815549828,90,chebyshev
201.75913906444,90,circle
272.30529693289,90,gauss
770.35034914936,90,logistic
524.19124975641,90,sine
626.38401098151,90,singer
603.569363175,90,sinu
351.60084173176,100,bernoulli
761.02752112642,100,chebyshev
221.52545061836,100,circle
259.22166699604,100,gauss
597.0453348099,100,logistic
575.12746145141,100,sine
552.38981719643,100,singer
395.05187931758,100,sinu

Preliminary trials=10 CRao 3
235.98458851051,10,bernoulli
362.69034378291,10,chebyshev
188.8550364581,10,circle
194.86252288565,10,gauss
580.72863007392,10,logistic
478.75312455797,10,sine
760.85698105769,10,singer
259.24306180896,10,sinu
317.6135270361,20,bernoulli
387.19296552987,20,chebyshev
221.77956481045,20,circle
234.70664477387,20,gauss
384.62223965029,20,logistic
478.27213834261,20,sine
319.88538105007,20,singer
450.00591666554,20,sinu
342.37765704974,30,bernoulli
330.05533651063,30,chebyshev
207.4662033877,30,circle
264.11165486654,30,gauss
388.41386658351,30,logistic
483.18458062241,30,sine
245.04359826208,30,singer
443.13329044789,30,sinu
230.34694832757,40,bernoulli
309.74979007288,40,chebyshev
174.92766116553,40,circle
241.04218023393,40,gauss
436.47852418512,40,logistic
530.2592440575,40,sine
697.53894147759,40,singer
522.41116260179,40,sinu
320.4979285689,50,bernoulli
442.94460407965,50,chebyshev
262.8884437902,50,circle
254.26014898516,50,gauss
420.80212191217,50,logistic
658.18262142686,50,sine
184.48430881475,50,singer
488.52821005718,50,sinu
307.44658816406,60,bernoulli
272.47342483465,60,chebyshev
210.99502416181,60,circle
201.36703431275,60,gauss
394.1194022567,60,logistic
570.31610593871,60,sine
273.90005280457,60,singer
456.67928703734,60,sinu
367.07603606751,70,bernoulli
253.8322439733,70,chebyshev
248.72395349783,70,circle
308.07359615672,70,gauss
428.81498860283,70,logistic
545.84506826915,70,sine
208.45796990503,70,singer
649.06482145972,70,sinu
279.37499287661,80,bernoulli
136.75701255703,80,chebyshev
208.17163189239,80,circle
220.0396824657,80,gauss
327.8103832496,80,logistic
450.12909963157,80,sine
265.5510950033,80,singer
448.87705153672,80,sinu
336.38590498711,90,bernoulli
392.07488718956,90,chebyshev
269.79710649141,90,circle
286.68455216287,90,gauss
513.54283889817,90,logistic
576.01670068617,90,sine
216.26117393292,90,singer
476.10536882921,90,sinu
305.35909968527,100,bernoulli
162.34143429509,100,chebyshev
246.86517156168,100,circle
238.26483792187,100,gauss
680.11004592498,100,logistic
599.03649285007,100,sine
215.99582325089,100,singer
389.14448953928,100,sinu

CRao1 Cheby, p=10, trials=30





























































































NAN
NAN
NAN
NAN
NAN
NAN
NAN
NAN
NAN
NAN
NAN
NAN
NAN
NAN
NAN
NAN
NAN
NAN
NAN
NAN
NAN
NAN
NAN
NAN
NAN
NAN
NAN
NAN
NAN
NAN
NAN
NAN
NAN
NAN
NAN
NAN
NAN
NAN
NAN
NAN
NAN
NAN
NAN
NAN
NAN
NAN
NAN
NAN
NAN
NAN
NAN
NAN
NAN
NAN
NAN
NAN
NAN
NAN
NAN
NAN
NAN
NAN
NAN
NAN
NAN
NAN
NAN
NAN
NAN
NAN
NAN
NAN
NAN
NAN
NAN
NAN
NAN
NAN
NAN
NAN
NAN
NAN
NAN
NAN
NAN
NAN
NAN
NAN
NAN
NAN
NAN
NAN
NAN
117.6
117.6
31.2
36
25.2
8.4
10.8
352.8
72
72
24
360
36
215
48
360
324
60
48
60
60
300
120
90
210
48
70
239
82
62
170
192
18
50
60
42
60
444
42
114
1248
2400
1368
973
400
2400
420
252
107
571.4
98.8
155
750
2120
370
1181
278
8.4
4560
720
458
2460
162
150
636
882
444
192
576
432
72
300
300
240
600
756
1200
97
409
703
1350
480
599
430
4178.2
1772.5
1645.9
1924.5
648
8211
480
12
38
