Trials = 10, initial chaos = random

98.43100894271,10,0.1,bernoulli
26.859005539301,10,0.1,chebyshev
78.423634245705,10,0.1,circle
129.74569437378,10,0.1,gauss
48.605185943651,10,0.1,logistic
28.988465884979,10,0.1,sine
55.323039445806,10,0.1,singer
595.14459092082,10,0.1,sinu
120.06754091769,10,0.2,bernoulli
15.510362593508,10,0.2,chebyshev
39.551805421474,10,0.2,circle
123.58809961492,10,0.2,gauss
45.207394397976,10,0.2,logistic
27.770834930297,10,0.2,sine
34.699869204036,10,0.2,singer
28.506678733401,10,0.2,sinu
15.964282144115,10,0.3,bernoulli
15.600417275348,10,0.3,chebyshev
46.889614467046,10,0.3,circle
33.094169716935,10,0.3,gauss
32.129984547848,10,0.3,logistic
34.640927081163,10,0.3,sine
56.290306381904,10,0.3,singer
65.840739956809,10,0.3,sinu
36.529528130318,10,0.4,bernoulli
28.69412950063,10,0.4,chebyshev
137.68650141739,10,0.4,circle
39.982477925838,10,0.4,gauss
26.763925342744,10,0.4,logistic
27.752273107149,10,0.4,sine
42.725494924818,10,0.4,singer
29.823678888739,10,0.4,sinu
27.539302759767,10,0.5,bernoulli
34.788232781815,10,0.5,chebyshev
38.591684147539,10,0.5,circle
45.972741316394,10,0.5,gauss
58.892216402933,10,0.5,logistic
27.616898715221,10,0.5,sine
31.466321737909,10,0.5,singer
47.880878964413,10,0.5,sinu
183.34016242825,10,0.6,bernoulli
36.13297420588,10,0.6,chebyshev
34.795741500386,10,0.6,circle
45.114627813761,10,0.6,gauss
42.282276289282,10,0.6,logistic
21.104045258068,10,0.6,sine
20.137295459359,10,0.6,singer
21.46845657557,10,0.6,sinu
46.913787635822,10,0.7,bernoulli
35.156639445014,10,0.7,chebyshev
32.444307515463,10,0.7,circle
27.921328841906,10,0.7,gauss
39.017586894387,10,0.7,logistic
52.442406995408,10,0.7,sine
12.786230294526,10,0.7,singer
42.086379190597,10,0.7,sinu
27.648703482068,10,0.8,bernoulli
32.966218158075,10,0.8,chebyshev
20.357377157098,10,0.8,circle
32.887817058199,10,0.8,gauss
23.418511865266,10,0.8,logistic
27.652568303154,10,0.8,sine
25.552906203717,10,0.8,singer
537.42073749967,10,0.8,sinu
597.03233249948,10,0.9,bernoulli
598.33416897548,10,0.9,chebyshev
622.20645694615,10,0.9,circle
624.11022355277,10,0.9,gauss
622.6768808723,10,0.9,logistic
616.49534135356,10,0.9,sine
596.15276890716,10,0.9,singer
587.978969675,10,0.9,sinu
195.52980928201,20,0.1,bernoulli
15.745413566211,20,0.1,chebyshev
53.086338682121,20,0.1,circle
80.56542097587,20,0.1,gauss
51.893572039653,20,0.1,logistic
18.023378733869,20,0.1,sine
44.773256501319,20,0.1,singer
19.019778937871,20,0.1,sinu
24.520602167352,20,0.2,bernoulli
14.411528030507,20,0.2,chebyshev
15.498289136975,20,0.2,circle
27.398509479302,20,0.2,gauss
36.732279825068,20,0.2,logistic
31.534454474794,20,0.2,sine
23.131172682711,20,0.2,singer
611.02789190117,20,0.2,sinu
41.092552496153,20,0.3,bernoulli
21.096103336993,20,0.3,chebyshev
26.992350782704,20,0.3,circle
20.084663698571,20,0.3,gauss
39.424183918069,20,0.3,logistic
37.049042130436,20,0.3,sine
44.460441192389,20,0.3,singer
47.842114054252,20,0.3,sinu
28.291530843092,20,0.4,bernoulli
19.657857268576,20,0.4,chebyshev
16.84231375018,20,0.4,circle
214.45858635385,20,0.4,gauss
17.992209214617,20,0.4,logistic
33.164929919488,20,0.4,sine
36.853531645574,20,0.4,singer
610.43683011998,20,0.4,sinu
21.252412681679,20,0.5,bernoulli
29.31833717692,20,0.5,chebyshev
12.105065212162,20,0.5,circle
25.660328171613,20,0.5,gauss
47.708505962488,20,0.5,logistic
50.637243284172,20,0.5,sine
33.122277592414,20,0.5,singer
615.16482806161,20,0.5,sinu
139.79340198314,20,0.6,bernoulli
48.168209795946,20,0.6,chebyshev
13.206920089325,20,0.6,circle
35.603817082096,20,0.6,gauss
42.191542745861,20,0.6,logistic
74.70061149743,20,0.6,sine
19.171786579199,20,0.6,singer
31.907791294989,20,0.6,sinu
43.067563586726,20,0.7,bernoulli
35.691924757833,20,0.7,chebyshev
33.630480888288,20,0.7,circle
15.887581079849,20,0.7,gauss
63.307674119181,20,0.7,logistic
55.512558384028,20,0.7,sine
53.873593447276,20,0.7,singer
17.175116863239,20,0.7,sinu
47.978319125933,20,0.8,bernoulli
41.24451991926,20,0.8,chebyshev
17.451691785314,20,0.8,circle
46.494488825494,20,0.8,gauss
29.498033996144,20,0.8,logistic
38.643446774006,20,0.8,sine
42.175591944618,20,0.8,singer
41.226730691042,20,0.8,sinu
90.590455293329,20,0.9,bernoulli
43.868241639197,20,0.9,chebyshev
47.730801940859,20,0.9,circle
16.646079780178,20,0.9,gauss
40.074259378902,20,0.9,logistic
18.638464640354,20,0.9,sine
24.420228432258,20,0.9,singer
34.640558971006,20,0.9,sinu
87.62104655306,30,0.1,bernoulli
10.306893733281,30,0.1,chebyshev
18.56571399922,30,0.1,circle
124.29149299968,30,0.1,gauss
23.743536207453,30,0.1,logistic
62.685082299952,30,0.1,sine
16.843625993589,30,0.1,singer
13.822216626758,30,0.1,sinu
24.766774929112,30,0.2,bernoulli
16.515827096969,30,0.2,chebyshev
16.935843534618,30,0.2,circle
19.181535708713,30,0.2,gauss
20.889305265223,30,0.2,logistic
34.618718620121,30,0.2,sine
14.737414379078,30,0.2,singer
581.77116187567,30,0.2,sinu
22.016630116359,30,0.3,bernoulli
21.264869667412,30,0.3,chebyshev
20.174188158729,30,0.3,circle
20.328339136003,30,0.3,gauss
31.283821378792,30,0.3,logistic
22.935811861246,30,0.3,sine
38.114746286815,30,0.3,singer
600.13409723766,30,0.3,sinu
21.336059011637,30,0.4,bernoulli
28.952086968574,30,0.4,chebyshev
17.103684731787,30,0.4,circle
20.284660030792,30,0.4,gauss
30.043082865878,30,0.4,logistic
35.63501903929,30,0.4,sine
20.615041996664,30,0.4,singer
553.4687400144,30,0.4,sinu
45.956955031943,30,0.5,bernoulli
23.954929086234,30,0.5,chebyshev
16.764795723927,30,0.5,circle
16.037726393232,30,0.5,gauss
41.303730477206,30,0.5,logistic
37.619705815271,30,0.5,sine
11.688450628805,30,0.5,singer
508.08802076521,30,0.5,sinu
24.114789439341,30,0.6,bernoulli
29.188874393005,30,0.6,chebyshev
14.448863554586,30,0.6,circle
38.294653396166,30,0.6,gauss
14.734674097417,30,0.6,logistic
59.143487509951,30,0.6,sine
14.364693340566,30,0.6,singer
602.70432204045,30,0.6,sinu
24.555283271817,30,0.7,bernoulli
29.364939340797,30,0.7,chebyshev
13.244008869791,30,0.7,circle
16.180612877082,30,0.7,gauss
42.989744531035,30,0.7,logistic
32.408730012078,30,0.7,sine
28.570399287106,30,0.7,singer
613.91775204172,30,0.7,sinu
23.799133447881,30,0.8,bernoulli
34.637305690724,30,0.8,chebyshev
39.790579956651,30,0.8,circle
21.540490123762,30,0.8,gauss
48.549740425623,30,0.8,logistic
49.043705676033,30,0.8,sine
27.234052138728,30,0.8,singer
39.638128085915,30,0.8,sinu
32.753194628003,30,0.9,bernoulli
37.944593894548,30,0.9,chebyshev
14.114065290841,30,0.9,circle
15.101545187243,30,0.9,gauss
56.509561950911,30,0.9,logistic
29.843660718909,30,0.9,sine
46.378315213348,30,0.9,singer
25.086104696172,30,0.9,sinu
88.858093927075,40,0.1,bernoulli
10.869229753951,40,0.1,chebyshev
27.748725081795,40,0.1,circle
18.20462861564,40,0.1,gauss
49.438817697774,40,0.1,logistic
15.24748812921,40,0.1,sine
47.683967493867,40,0.1,singer
17.282972792907,40,0.1,sinu
66.558667274107,40,0.2,bernoulli
14.905251003194,40,0.2,chebyshev
26.347152713419,40,0.2,circle
21.73659536496,40,0.2,gauss
23.997931063949,40,0.2,logistic
15.352282614682,40,0.2,sine
7.017641044626,40,0.2,singer
613.2589221076,40,0.2,sinu
24.943956071555,40,0.3,bernoulli
20.281316914362,40,0.3,chebyshev
25.820577681822,40,0.3,circle
26.727698909946,40,0.3,gauss
49.903958170812,40,0.3,logistic
41.412995589866,40,0.3,sine
22.473350014161,40,0.3,singer
10.731254715155,40,0.3,sinu
24.23173954812,40,0.4,bernoulli
24.15178942787,40,0.4,chebyshev
87.297345765108,40,0.4,circle
62.310023311585,40,0.4,gauss
17.916365141103,40,0.4,logistic
41.909906019262,40,0.4,sine
14.979278406773,40,0.4,singer
30.359268046023,40,0.4,sinu
27.442211032166,40,0.5,bernoulli
22.792425789111,40,0.5,chebyshev
48.882983131085,40,0.5,circle
45.766913480951,40,0.5,gauss
55.792005376949,40,0.5,logistic
35.471898451321,40,0.5,sine
23.119290166851,40,0.5,singer
609.28300859386,40,0.5,sinu
40.661041214406,40,0.6,bernoulli
30.54133217355,40,0.6,chebyshev
13.559821173338,40,0.6,circle
19.053577081869,40,0.6,gauss
51.748704289877,40,0.6,logistic
39.725987415852,40,0.6,sine
11.706136589076,40,0.6,singer
26.608965782477,40,0.6,sinu
21.088406932287,40,0.7,bernoulli
30.088599919205,40,0.7,chebyshev
19.874779487271,40,0.7,circle
18.181749991788,40,0.7,gauss
51.135974129331,40,0.7,logistic
51.502832037716,40,0.7,sine
49.806121576121,40,0.7,singer
554.46655699302,40,0.7,sinu
17.18682234819,40,0.8,bernoulli
27.325544200767,40,0.8,chebyshev
65.668736043077,40,0.8,circle
13.884488176277,40,0.8,gauss
38.717125275554,40,0.8,logistic
37.20767789393,40,0.8,sine
3.909022315495,40,0.8,singer
614.61966092448,40,0.8,sinu
65.321330869378,40,0.9,bernoulli
44.749608355866,40,0.9,chebyshev
20.550675521402,40,0.9,circle
13.593443288506,40,0.9,gauss
19.826866252165,40,0.9,logistic
29.083667245352,40,0.9,sine
37.431233911458,40,0.9,singer
614.99456616556,40,0.9,sinu
22.139572384251,50,0.1,bernoulli
9.3642579126603,50,0.1,chebyshev
23.061279278502,50,0.1,circle
75.8878152135,50,0.1,gauss
14.416664958273,50,0.1,logistic
16.440703815067,50,0.1,sine
18.067845380693,50,0.1,singer
614.82465208804,50,0.1,sinu
66.952197602391,50,0.2,bernoulli
12.48188691552,50,0.2,chebyshev
15.061771569822,50,0.2,circle
13.507785898356,50,0.2,gauss
39.613660568696,50,0.2,logistic
26.822225615458,50,0.2,sine
19.57144447574,50,0.2,singer
17.560211297352,50,0.2,sinu
99.500736856365,50,0.3,bernoulli
13.542721636475,50,0.3,chebyshev
11.235702461797,50,0.3,circle
25.582495955194,50,0.3,gauss
33.092102275354,50,0.3,logistic
38.700248790505,50,0.3,sine
15.152942115529,50,0.3,singer
596.33101810678,50,0.3,sinu
82.375546830212,50,0.4,bernoulli
25.45676978101,50,0.4,chebyshev
20.455869851239,50,0.4,circle
21.021946637636,50,0.4,gauss
22.646911237865,50,0.4,logistic
20.808753801755,50,0.4,sine
20.377945989145,50,0.4,singer
614.9340790353,50,0.4,sinu
34.455242267244,50,0.5,bernoulli
23.695529084957,50,0.5,chebyshev
14.507935036169,50,0.5,circle
31.96682828055,50,0.5,gauss
47.734731274241,50,0.5,logistic
16.850497066543,50,0.5,sine
22.990193751557,50,0.5,singer
27.394578022264,50,0.5,sinu
14.675550527313,50,0.6,bernoulli
27.078470183949,50,0.6,chebyshev
43.53772990182,50,0.6,circle
31.688043246358,50,0.6,gauss
18.093834593619,50,0.6,logistic
19.090517866386,50,0.6,sine
59.802488717086,50,0.6,singer
34.95888853995,50,0.6,sinu
27.835040344339,50,0.7,bernoulli
28.25215943545,50,0.7,chebyshev
10.335290702718,50,0.7,circle
19.457914780429,50,0.7,gauss
56.339151872437,50,0.7,logistic
54.521295480752,50,0.7,sine
13.935655726151,50,0.7,singer
37.09428592084,50,0.7,sinu
29.318034435286,50,0.8,bernoulli
35.914958094396,50,0.8,chebyshev
14.823671157239,50,0.8,circle
12.289227759457,50,0.8,gauss
17.737869274573,50,0.8,logistic
39.0132362289,50,0.8,sine
50.690872159356,50,0.8,singer
26.830663961866,50,0.8,sinu
72.097847190458,50,0.9,bernoulli
27.594193647039,50,0.9,chebyshev
27.036301190938,50,0.9,circle
21.548028270399,50,0.9,gauss
33.261104596695,50,0.9,logistic
32.17601914586,50,0.9,sine
23.646028087479,50,0.9,singer
614.83178546289,50,0.9,sinu
308.62960727678,60,0.1,bernoulli
11.532049505347,60,0.1,chebyshev
14.760666962,60,0.1,circle
32.261699092149,60,0.1,gauss
26.626503844258,60,0.1,logistic
32.041533703893,60,0.1,sine
21.511218119475,60,0.1,singer
16.17783309208,60,0.1,sinu
12.364430221183,60,0.2,bernoulli
14.436156963214,60,0.2,chebyshev
14.20464397478,60,0.2,circle
32.366126330282,60,0.2,gauss
17.667286435931,60,0.2,logistic
37.627614179389,60,0.2,sine
29.629061948239,60,0.2,singer
33.205364858973,60,0.2,sinu
92.766033483022,60,0.3,bernoulli
13.408429438889,60,0.3,chebyshev
27.925163875218,60,0.3,circle
30.087535234904,60,0.3,gauss
36.409652990711,60,0.3,logistic
15.894986698031,60,0.3,sine
27.087988255085,60,0.3,singer
614.87692289334,60,0.3,sinu
107.00434984551,60,0.4,bernoulli
15.440957542271,60,0.4,chebyshev
19.790924409886,60,0.4,circle
27.72738867855,60,0.4,gauss
36.295257374644,60,0.4,logistic
16.805470385132,60,0.4,sine
25.138274743487,60,0.4,singer
614.19704006444,60,0.4,sinu
18.445476135458,60,0.5,bernoulli
26.093361970407,60,0.5,chebyshev
13.794138495744,60,0.5,circle
20.504045904678,60,0.5,gauss
20.129672877332,60,0.5,logistic
12.742280154616,60,0.5,sine
33.490209417537,60,0.5,singer
26.650215958898,60,0.5,sinu
13.041891178835,60,0.6,bernoulli
40.282449723656,60,0.6,chebyshev
25.228013449177,60,0.6,circle
52.956187861813,60,0.6,gauss
56.672849522047,60,0.6,logistic
47.336437841649,60,0.6,sine
9.7044475467685,60,0.6,singer
595.67584081944,60,0.6,sinu
18.848074894927,60,0.7,bernoulli
42.745897307897,60,0.7,chebyshev
18.471095218161,60,0.7,circle
25.744054837074,60,0.7,gauss
15.410148794036,60,0.7,logistic
57.579204560784,60,0.7,sine
40.081899037657,60,0.7,singer
24.254924258526,60,0.7,sinu
34.7500693324,60,0.8,bernoulli
29.587311831195,60,0.8,chebyshev
14.187960032877,60,0.8,circle
20.165825794434,60,0.8,gauss
38.124812418429,60,0.8,logistic
59.368568608968,60,0.8,sine
32.857540308336,60,0.8,singer
614.69823653305,60,0.8,sinu
20.921888994319,60,0.9,bernoulli
29.109266030236,60,0.9,chebyshev
13.777672241095,60,0.9,circle
16.506594431616,60,0.9,gauss
31.992764827729,60,0.9,logistic
25.16669577286,60,0.9,sine
67.578743565974,60,0.9,singer
27.120213329641,60,0.9,sinu
15.680861878423,70,0.1,bernoulli
10.437016789724,70,0.1,chebyshev
20.22064349818,70,0.1,circle
49.077613487191,70,0.1,gauss
35.768841785629,70,0.1,logistic
27.209221850782,70,0.1,sine
12.50463486642,70,0.1,singer
606.71025366223,70,0.1,sinu
200.68929977622,70,0.2,bernoulli
15.880974267296,70,0.2,chebyshev
15.0139598334,70,0.2,circle
14.207026034798,70,0.2,gauss
23.872607428244,70,0.2,logistic
29.154344134888,70,0.2,sine
12.910930040625,70,0.2,singer
48.413012202889,70,0.2,sinu
24.452161165944,70,0.3,bernoulli
15.128251265387,70,0.3,chebyshev
16.429225662227,70,0.3,circle
43.366623182898,70,0.3,gauss
31.923775835022,70,0.3,logistic
29.246933980489,70,0.3,sine
22.446440943423,70,0.3,singer
609.04751231098,70,0.3,sinu
29.052543420321,70,0.4,bernoulli
22.818395134315,70,0.4,chebyshev
11.389136318153,70,0.4,circle
19.97168207434,70,0.4,gauss
36.47936486881,70,0.4,logistic
17.971554188033,70,0.4,sine
43.731417100282,70,0.4,singer
614.91761603896,70,0.4,sinu
25.596407089113,70,0.5,bernoulli
20.335200656409,70,0.5,chebyshev
14.044106495419,70,0.5,circle
19.851032982415,70,0.5,gauss
13.852327188512,70,0.5,logistic
87.157793393569,70,0.5,sine
8.0001110029857,70,0.5,singer
20.020819082074,70,0.5,sinu
28.613663077643,70,0.6,bernoulli
19.889895878668,70,0.6,chebyshev
10.206738539418,70,0.6,circle
22.598625416614,70,0.6,gauss
18.841376589671,70,0.6,logistic
72.255324704386,70,0.6,sine
20.105665715508,70,0.6,singer
39.099204560374,70,0.6,sinu
18.831689817169,70,0.7,bernoulli
22.703070877874,70,0.7,chebyshev
15.622225418675,70,0.7,circle
13.433199316264,70,0.7,gauss
44.236724246896,70,0.7,logistic
44.827623359172,70,0.7,sine
19.850027697237,70,0.7,singer
32.174061804649,70,0.7,sinu
14.049470180257,70,0.8,bernoulli
27.159747443659,70,0.8,chebyshev
28.690323089316,70,0.8,circle
33.993793333611,70,0.8,gauss
28.208944205355,70,0.8,logistic
49.692669950829,70,0.8,sine
10.907986499182,70,0.8,singer
35.632358879598,70,0.8,sinu
15.795184458161,70,0.9,bernoulli
23.941141503981,70,0.9,chebyshev
18.351404287633,70,0.9,circle
20.036627797381,70,0.9,gauss
23.205356164209,70,0.9,logistic
49.785876974199,70,0.9,sine
26.741896016957,70,0.9,singer
613.69249741537,70,0.9,sinu
44.581520208181,80,0.1,bernoulli
9.6594170747712,80,0.1,chebyshev
23.573817188452,80,0.1,circle
31.427922296786,80,0.1,gauss
11.554484675854,80,0.1,logistic
15.014753048332,80,0.1,sine
15.213839979323,80,0.1,singer
42.825291496473,80,0.1,sinu
76.126514840605,80,0.2,bernoulli
15.396923790644,80,0.2,chebyshev
27.86284865499,80,0.2,circle
29.140195671218,80,0.2,gauss
18.098688236837,80,0.2,logistic
20.674462106345,80,0.2,sine
16.054274762952,80,0.2,singer
45.199898441381,80,0.2,sinu
19.450055566776,80,0.3,bernoulli
15.438394780475,80,0.3,chebyshev
12.377395546255,80,0.3,circle
14.722809096622,80,0.3,gauss
17.030980794146,80,0.3,logistic
22.678467259451,80,0.3,sine
26.796534375298,80,0.3,singer
614.8535732895,80,0.3,sinu
102.22522429064,80,0.4,bernoulli
20.049964502941,80,0.4,chebyshev
31.789650441952,80,0.4,circle
36.376141297007,80,0.4,gauss
22.012367168489,80,0.4,logistic
28.222882595683,80,0.4,sine
26.125657095465,80,0.4,singer
578.78168195235,80,0.4,sinu
22.124631803671,80,0.5,bernoulli
25.271680681943,80,0.5,chebyshev
20.13750408939,80,0.5,circle
19.520479408267,80,0.5,gauss
19.595083058795,80,0.5,logistic
13.755952330541,80,0.5,sine
30.332127193769,80,0.5,singer
612.35829623758,80,0.5,sinu
16.178477683954,80,0.6,bernoulli
25.597227011828,80,0.6,chebyshev
14.350394512657,80,0.6,circle
13.708008653785,80,0.6,gauss
25.597908006434,80,0.6,logistic
22.961127137181,80,0.6,sine
56.644135673952,80,0.6,singer
38.023086694466,80,0.6,sinu
19.17285078795,80,0.7,bernoulli
25.488591701923,80,0.7,chebyshev
29.61798857661,80,0.7,circle
26.08865258632,80,0.7,gauss
17.051421778301,80,0.7,logistic
36.817186134389,80,0.7,sine
60.097059061488,80,0.7,singer
614.80840890529,80,0.7,sinu
20.371264128314,80,0.8,bernoulli
32.352461744997,80,0.8,chebyshev
31.809017332768,80,0.8,circle
20.225534228993,80,0.8,gauss
18.136428203075,80,0.8,logistic
42.022455202683,80,0.8,sine
19.013033659697,80,0.8,singer
27.318314719695,80,0.8,sinu
24.558214117357,80,0.9,bernoulli
27.828478650888,80,0.9,chebyshev
18.926784956213,80,0.9,circle
18.049502370046,80,0.9,gauss
29.642123456196,80,0.9,logistic
38.921309591811,80,0.9,sine
49.094492829368,80,0.9,singer
608.93283516672,80,0.9,sinu
25.262862887019,90,0.1,bernoulli
10.041182011555,90,0.1,chebyshev
22.830482322358,90,0.1,circle
22.768795596559,90,0.1,gauss
18.195284399422,90,0.1,logistic
16.046821175424,90,0.1,sine
22.582303259224,90,0.1,singer
28.974007842275,90,0.1,sinu
68.237777835799,90,0.2,bernoulli
12.090375910876,90,0.2,chebyshev
14.605572211357,90,0.2,circle
85.761834613777,90,0.2,gauss
39.034492194522,90,0.2,logistic
11.15266086334,90,0.2,sine
28.857474671962,90,0.2,singer
20.292337786883,90,0.2,sinu
14.857473081346,90,0.3,bernoulli
13.59615464257,90,0.3,chebyshev
24.068819255479,90,0.3,circle
13.936678172458,90,0.3,gauss
27.914058174616,90,0.3,logistic
36.967117721057,90,0.3,sine
36.322275356944,90,0.3,singer
34.38077634061,90,0.3,sinu
20.991545328223,90,0.4,bernoulli
18.655746546759,90,0.4,chebyshev
20.801193341182,90,0.4,circle
19.380951334994,90,0.4,gauss
45.780054830746,90,0.4,logistic
13.83255230876,90,0.4,sine
44.221710034827,90,0.4,singer
574.31509515553,90,0.4,sinu
20.372110739672,90,0.5,bernoulli
18.244306778374,90,0.5,chebyshev
20.251891182126,90,0.5,circle
44.886461285527,90,0.5,gauss
9.8287841384528,90,0.5,logistic
29.390626643893,90,0.5,sine
36.18356844503,90,0.5,singer
528.92759380233,90,0.5,sinu
17.873672042098,90,0.6,bernoulli
23.623302145724,90,0.6,chebyshev
10.721886147589,90,0.6,circle
11.606702167798,90,0.6,gauss
62.504953274092,90,0.6,logistic
26.249746310394,90,0.6,sine
37.148063708787,90,0.6,singer
560.75775841175,90,0.6,sinu
19.540954639992,90,0.7,bernoulli
41.030578271367,90,0.7,chebyshev
35.843913273451,90,0.7,circle
20.201294902058,90,0.7,gauss
37.033174293744,90,0.7,logistic
37.764783938121,90,0.7,sine
22.949796202703,90,0.7,singer
581.95352781218,90,0.7,sinu
24.768601582663,90,0.8,bernoulli
23.994015659548,90,0.8,chebyshev
18.952165500173,90,0.8,circle
45.224029535591,90,0.8,gauss
18.433002096949,90,0.8,logistic
46.510823805969,90,0.8,sine
16.030803106031,90,0.8,singer
17.681831746254,90,0.8,sinu
32.839646293734,90,0.9,bernoulli
27.623375828352,90,0.9,chebyshev
13.440001507998,90,0.9,circle
11.322166385177,90,0.9,gauss
23.328338939277,90,0.9,logistic
13.011802658622,90,0.9,sine
31.520640452273,90,0.9,singer
23.616512131073,90,0.9,sinu
21.998059478719,100,0.1,bernoulli
10.230454843777,100,0.1,chebyshev
20.388116369714,100,0.1,circle
32.407712430519,100,0.1,gauss
20.424938527219,100,0.1,logistic
28.260542393753,100,0.1,sine
25.364700937641,100,0.1,singer
568.55385720657,100,0.1,sinu
29.39840930655,100,0.2,bernoulli
5.772809151493,100,0.2,chebyshev
64.83379635586,100,0.2,circle
16.237932745177,100,0.2,gauss
19.206450592267,100,0.2,logistic
20.367479337389,100,0.2,sine
26.475525786848,100,0.2,singer
19.621195940606,100,0.2,sinu
108.1422394171,100,0.3,bernoulli
18.561314125745,100,0.3,chebyshev
83.557714184883,100,0.3,circle
62.327937510862,100,0.3,gauss
24.448058833506,100,0.3,logistic
31.705905928514,100,0.3,sine
29.006327538554,100,0.3,singer
551.59432775816,100,0.3,sinu
29.205689457651,100,0.4,bernoulli
20.754529542367,100,0.4,chebyshev
13.499221129208,100,0.4,circle
65.184996683797,100,0.4,gauss
30.462663937607,100,0.4,logistic
38.923398505105,100,0.4,sine
34.521614917148,100,0.4,singer
29.537411891258,100,0.4,sinu
19.032827469891,100,0.5,bernoulli
24.79143651955,100,0.5,chebyshev
27.893747071588,100,0.5,circle
22.385013003453,100,0.5,gauss
68.321823167232,100,0.5,logistic
28.161146517999,100,0.5,sine
54.262681113295,100,0.5,singer
7.8482374855491,100,0.5,sinu
44.460292786916,100,0.6,bernoulli
28.885927330193,100,0.6,chebyshev
11.048105372087,100,0.6,circle
16.467743887295,100,0.6,gauss
13.374598369403,100,0.6,logistic
17.750955542321,100,0.6,sine
16.881557463766,100,0.6,singer
614.55812580771,100,0.6,sinu
14.380430545491,100,0.7,bernoulli
29.490849290685,100,0.7,chebyshev
31.69667763599,100,0.7,circle
12.377738964414,100,0.7,gauss
28.756340059965,100,0.7,logistic
19.876956298518,100,0.7,sine
38.31644495503,100,0.7,singer
614.86506867459,100,0.7,sinu
15.452586075091,100,0.8,bernoulli
26.861368761631,100,0.8,chebyshev
30.588389240164,100,0.8,circle
19.032649714484,100,0.8,gauss
18.358408401751,100,0.8,logistic
13.210010279731,100,0.8,sine
40.261786665136,100,0.8,singer
40.934480559358,100,0.8,sinu
20.784110340231,100,0.9,bernoulli
40.854741532906,100,0.9,chebyshev
12.554767895641,100,0.9,circle
19.078785035663,100,0.9,gauss
37.994378191852,100,0.9,logistic
39.136610506407,100,0.9,sine
25.72363095331,100,0.9,singer
20.20598318539,100,0.9,sinu

Trials = 10, initial chaos = 0.8
366.3455768296,10,0.1,bernoulli
20.068744023807,10,0.1,chebyshev
100.4771212306,10,0.1,circle
596.3696853324,10,0.1,gauss
67.812495110805,10,0.1,logistic
47.775228643933,10,0.1,sine
130.70117665905,10,0.1,singer
85.843247452966,10,0.1,sinu
341.07017216693,10,0.2,bernoulli
36.96338584834,10,0.2,chebyshev
58.421192755812,10,0.2,circle
595.94107367319,10,0.2,gauss
46.83789500707,10,0.2,logistic
40.347032031838,10,0.2,sine
38.08534587881,10,0.2,singer
34.753060640736,10,0.2,sinu
328.269766557,10,0.3,bernoulli
25.357864260076,10,0.3,chebyshev
43.9200668742,10,0.3,circle
596.30730573195,10,0.3,gauss
33.740364789977,10,0.3,logistic
38.55506465178,10,0.3,sine
47.308988750207,10,0.3,singer
33.545791932041,10,0.3,sinu
277.47355555758,10,0.4,bernoulli
27.836827314302,10,0.4,chebyshev
50.882447851896,10,0.4,circle
596.2740590096,10,0.4,gauss
39.124687500052,10,0.4,logistic
48.909376516984,10,0.4,sine
34.407112099296,10,0.4,singer
24.904172684624,10,0.4,sinu
74.918085854794,10,0.5,bernoulli
43.324414461415,10,0.5,chebyshev
42.327305383522,10,0.5,circle
596.55520177829,10,0.5,gauss
37.422210867192,10,0.5,logistic
44.882442379697,10,0.5,sine
31.331984861566,10,0.5,singer
20.292982689701,10,0.5,sinu
55.831104499584,10,0.6,bernoulli
30.483798847382,10,0.6,chebyshev
30.770486294099,10,0.6,circle
596.28356990183,10,0.6,gauss
45.583324292418,10,0.6,logistic
50.277750857989,10,0.6,sine
43.200211520313,10,0.6,singer
26.259391173346,10,0.6,sinu
71.631510106748,10,0.7,bernoulli
57.305408686079,10,0.7,chebyshev
22.192131199745,10,0.7,circle
596.38443570083,10,0.7,gauss
52.279266846262,10,0.7,logistic
46.253451992483,10,0.7,sine
37.458483268301,10,0.7,singer
27.661730787608,10,0.7,sinu
103.68589521996,10,0.8,bernoulli
48.555619281574,10,0.8,chebyshev
22.07790634558,10,0.8,circle
596.51308512545,10,0.8,gauss
35.478650129416,10,0.8,logistic
33.454947674548,10,0.8,sine
38.219039519783,10,0.8,singer
27.303144069172,10,0.8,sinu
616.33978423714,10,0.9,bernoulli
600.18100758519,10,0.9,chebyshev
624.11304882625,10,0.9,circle
623.99827328442,10,0.9,gauss
612.73248782044,10,0.9,logistic
617.83825524616,10,0.9,sine
610.12378420654,10,0.9,singer
587.1041663154,10,0.9,sinu
302.87078125946,20,0.1,bernoulli
11.53805655973,20,0.1,chebyshev
46.373906437713,20,0.1,circle
593.9558083517,20,0.1,gauss
47.468111049179,20,0.1,logistic
43.600843730448,20,0.1,sine
41.347385314024,20,0.1,singer
20.023509270307,20,0.1,sinu
295.51265589172,20,0.2,bernoulli
15.237011330373,20,0.2,chebyshev
26.547343468433,20,0.2,circle
594.06658162557,20,0.2,gauss
50.247423211244,20,0.2,logistic
35.038114069562,20,0.2,sine
35.705476301582,20,0.2,singer
31.082114473039,20,0.2,sinu
302.08214207412,20,0.3,bernoulli
17.268103996376,20,0.3,chebyshev
29.976095175643,20,0.3,circle
593.94895514286,20,0.3,gauss
40.022337733106,20,0.3,logistic
38.9037696111,20,0.3,sine
37.033843310066,20,0.3,singer
27.786812419948,20,0.3,sinu
304.7138779922,20,0.4,bernoulli
27.618147826682,20,0.4,chebyshev
21.202522480567,20,0.4,circle
593.77378925933,20,0.4,gauss
40.571200660041,20,0.4,logistic
33.985746103105,20,0.4,sine
27.874141817043,20,0.4,singer
26.970444443287,20,0.4,sinu
73.347413714565,20,0.5,bernoulli
27.482479968112,20,0.5,chebyshev
17.852439767068,20,0.5,circle
593.88487716,20,0.5,gauss
36.69511609086,20,0.5,logistic
47.261965046884,20,0.5,sine
33.906673684122,20,0.5,singer
21.850774496532,20,0.5,sinu
49.164116479804,20,0.6,bernoulli
30.428158775503,20,0.6,chebyshev
13.112037094638,20,0.6,circle
593.98554462182,20,0.6,gauss
60.679581564356,20,0.6,logistic
53.342724813217,20,0.6,sine
35.938782738127,20,0.6,singer
28.39170516968,20,0.6,sinu
50.054694232498,20,0.7,bernoulli
46.61965626259,20,0.7,chebyshev
14.28845117841,20,0.7,circle
593.92092103812,20,0.7,gauss
53.374487121011,20,0.7,logistic
49.606334547676,20,0.7,sine
28.067361373592,20,0.7,singer
30.525227816737,20,0.7,sinu
42.131934669707,20,0.8,bernoulli
39.723873480376,20,0.8,chebyshev
15.354234064139,20,0.8,circle
593.92832603463,20,0.8,gauss
54.335344997099,20,0.8,logistic
44.913483849207,20,0.8,sine
47.188194881187,20,0.8,singer
26.560953224863,20,0.8,sinu
62.913022972065,20,0.9,bernoulli
47.632888022583,20,0.9,chebyshev
16.018058379213,20,0.9,circle
593.99838186858,20,0.9,gauss
44.66754021517,20,0.9,logistic
33.361653214023,20,0.9,sine
41.650976690866,20,0.9,singer
24.151017438315,20,0.9,sinu
277.4160070499,30,0.1,bernoulli
6.7032243273026,30,0.1,chebyshev
21.512246730904,30,0.1,circle
593.05429288998,30,0.1,gauss
56.400925012903,30,0.1,logistic
29.555518894616,30,0.1,sine
45.209647011586,30,0.1,singer
18.895193397947,30,0.1,sinu
283.25203505245,30,0.2,bernoulli
11.452999976547,30,0.2,chebyshev
16.387048076188,30,0.2,circle
592.99336874594,30,0.2,gauss
40.645249031735,30,0.2,logistic
33.359314141435,30,0.2,sine
25.12345413197,30,0.2,singer
27.484495823208,30,0.2,sinu
285.68102231053,30,0.3,bernoulli
17.052064804808,30,0.3,chebyshev
20.852420997341,30,0.3,circle
593.09553766264,30,0.3,gauss
38.660615820522,30,0.3,logistic
33.395997992738,30,0.3,sine
23.347741170992,30,0.3,singer
27.303241869139,30,0.3,sinu
295.83363680833,30,0.4,bernoulli
21.738921175114,30,0.4,chebyshev
16.94073755501,30,0.4,circle
592.9410446866,30,0.4,gauss
41.080823508295,30,0.4,logistic
34.867563813013,30,0.4,sine
30.001241149088,30,0.4,singer
32.994497638089,30,0.4,sinu
64.591213006194,30,0.5,bernoulli
25.95061747775,30,0.5,chebyshev
14.970104179647,30,0.5,circle
592.99912124219,30,0.5,gauss
52.619747207635,30,0.5,logistic
38.283321582277,30,0.5,sine
33.682912781161,30,0.5,singer
23.321257050246,30,0.5,sinu
54.565485373524,30,0.6,bernoulli
46.053622244729,30,0.6,chebyshev
13.61868052999,30,0.6,circle
593.07488294092,30,0.6,gauss
47.555488300209,30,0.6,logistic
54.916726935507,30,0.6,sine
38.303145645149,30,0.6,singer
29.490378779927,30,0.6,sinu
48.851885217393,30,0.7,bernoulli
35.371234045666,30,0.7,chebyshev
16.093896560133,30,0.7,circle
593.01742993069,30,0.7,gauss
46.25480216478,30,0.7,logistic
45.479749515787,30,0.7,sine
43.250274471163,30,0.7,singer
25.916722324708,30,0.7,sinu
54.576974541493,30,0.8,bernoulli
44.430906927455,30,0.8,chebyshev
16.655696417109,30,0.8,circle
593.03834015425,30,0.8,gauss
49.237208130813,30,0.8,logistic
49.573408499581,30,0.8,sine
40.658852519037,30,0.8,singer
21.380149644127,30,0.8,sinu
46.508855973758,30,0.9,bernoulli
32.535253178126,30,0.9,chebyshev
14.557408128168,30,0.9,circle
592.87737922984,30,0.9,gauss
41.817521499884,30,0.9,logistic
41.192485542964,30,0.9,sine
39.02342220018,30,0.9,singer
21.874538831127,30,0.9,sinu
271.73086671207,40,0.1,bernoulli
9.5378687695414,40,0.1,chebyshev
25.208166217172,40,0.1,circle
592.54541177159,40,0.1,gauss
42.800091633786,40,0.1,logistic
27.971453757359,40,0.1,sine
38.559927566814,40,0.1,singer
17.072539446929,40,0.1,sinu
286.14088326667,40,0.2,bernoulli
14.72819263876,40,0.2,chebyshev
24.818577263408,40,0.2,circle
592.50392522144,40,0.2,gauss
38.453895377741,40,0.2,logistic
35.600933350863,40,0.2,sine
33.543462008369,40,0.2,singer
23.179025165392,40,0.2,sinu
293.81055892111,40,0.3,bernoulli
17.306119626242,40,0.3,chebyshev
16.451392939133,40,0.3,circle
592.60060308709,40,0.3,gauss
34.548278621107,40,0.3,logistic
38.649205450832,40,0.3,sine
29.655384498415,40,0.3,singer
22.419459831465,40,0.3,sinu
290.19256274906,40,0.4,bernoulli
25.789971453515,40,0.4,chebyshev
13.24484064831,40,0.4,circle
592.5180188069,40,0.4,gauss
42.677997075032,40,0.4,logistic
33.896529862589,40,0.4,sine
39.256398026145,40,0.4,singer
25.469909587776,40,0.4,sinu
77.606223719394,40,0.5,bernoulli
22.543998625126,40,0.5,chebyshev
14.184315358327,40,0.5,circle
592.54345809204,40,0.5,gauss
44.338951445952,40,0.5,logistic
39.477996802672,40,0.5,sine
42.348319590172,40,0.5,singer
24.744397773755,40,0.5,sinu
55.684952355651,40,0.6,bernoulli
30.430656681637,40,0.6,chebyshev
13.859140236649,40,0.6,circle
592.48206898018,40,0.6,gauss
46.395104859469,40,0.6,logistic
51.414698850247,40,0.6,sine
44.174599529782,40,0.6,singer
23.527103134702,40,0.6,sinu
53.539611653747,40,0.7,bernoulli
39.1105714323,40,0.7,chebyshev
15.280452092197,40,0.7,circle
592.4721724894,40,0.7,gauss
58.912452261483,40,0.7,logistic
48.185386923806,40,0.7,sine
26.617804734428,40,0.7,singer
21.752000651722,40,0.7,sinu
43.020097705735,40,0.8,bernoulli
42.966595551638,40,0.8,chebyshev
15.587692123446,40,0.8,circle
592.47234728642,40,0.8,gauss
43.472548293655,40,0.8,logistic
48.780747947229,40,0.8,sine
40.551260621546,40,0.8,singer
28.798203710308,40,0.8,sinu
41.741182823892,40,0.9,bernoulli
32.91146493315,40,0.9,chebyshev
21.222726697936,40,0.9,circle
592.54292530643,40,0.9,gauss
43.001248130057,40,0.9,logistic
31.177175676003,40,0.9,sine
35.703194004514,40,0.9,singer
23.541391931251,40,0.9,sinu
276.60948825335,50,0.1,bernoulli
12.399776937737,50,0.1,chebyshev
17.46661547592,50,0.1,circle
592.22007610317,50,0.1,gauss
43.71281750179,50,0.1,logistic
30.568865028994,50,0.1,sine
44.755357239827,50,0.1,singer
13.391276364277,50,0.1,sinu
271.5127980653,50,0.2,bernoulli
10.719195754388,50,0.2,chebyshev
15.709526079688,50,0.2,circle
592.17451531835,50,0.2,gauss
36.137795134326,50,0.2,logistic
36.633396390467,50,0.2,sine
35.957436338362,50,0.2,singer
19.825967290155,50,0.2,sinu
282.02324518064,50,0.3,bernoulli
18.783428770675,50,0.3,chebyshev
14.308195244789,50,0.3,circle
592.17368691663,50,0.3,gauss
41.710055009701,50,0.3,logistic
30.09022359771,50,0.3,sine
43.364081297424,50,0.3,singer
27.297328311566,50,0.3,sinu
280.28622883536,50,0.4,bernoulli
21.374928778388,50,0.4,chebyshev
13.073141780881,50,0.4,circle
592.22356872685,50,0.4,gauss
45.933455143123,50,0.4,logistic
32.957904556756,50,0.4,sine
34.422208802598,50,0.4,singer
30.537221642951,50,0.4,sinu
76.667405997243,50,0.5,bernoulli
31.017551683848,50,0.5,chebyshev
12.877442915301,50,0.5,circle
592.29061787382,50,0.5,gauss
44.07238076953,50,0.5,logistic
50.456524503165,50,0.5,sine
27.769596482714,50,0.5,singer
29.30720993619,50,0.5,sinu
43.720669385104,50,0.6,bernoulli
28.574395039539,50,0.6,chebyshev
13.336986537777,50,0.6,circle
592.23063610908,50,0.6,gauss
50.940307653639,50,0.6,logistic
51.544613281622,50,0.6,sine
34.603840825837,50,0.6,singer
28.530029494501,50,0.6,sinu
60.514679831145,50,0.7,bernoulli
41.276769786499,50,0.7,chebyshev
14.371655387894,50,0.7,circle
592.1740187971,50,0.7,gauss
57.358768147359,50,0.7,logistic
46.66884643991,50,0.7,sine
32.972537842371,50,0.7,singer
25.362871171936,50,0.7,sinu
47.108035745524,50,0.8,bernoulli
22.648802765807,50,0.8,chebyshev
16.982798826171,50,0.8,circle
592.17983499132,50,0.8,gauss
51.86986682329,50,0.8,logistic
44.349520524703,50,0.8,sine
35.412761705173,50,0.8,singer
23.053473233746,50,0.8,sinu
37.771028736917,50,0.9,bernoulli
29.605268102994,50,0.9,chebyshev
18.906805493221,50,0.9,circle
592.20791890833,50,0.9,gauss
47.526139527482,50,0.9,logistic
34.777334302209,50,0.9,sine
33.085982279154,50,0.9,singer
21.800161841905,50,0.9,sinu
262.42616133512,60,0.1,bernoulli
5.7264999302664,60,0.1,chebyshev
23.073800823076,60,0.1,circle
591.9774776878,60,0.1,gauss
39.94965922657,60,0.1,logistic
35.485733888391,60,0.1,sine
38.311742232471,60,0.1,singer
22.516746772167,60,0.1,sinu
270.58790377951,60,0.2,bernoulli
17.556377671181,60,0.2,chebyshev
17.338637927653,60,0.2,circle
591.97455408198,60,0.2,gauss
47.036372193401,60,0.2,logistic
34.496169412041,60,0.2,sine
37.778432202138,60,0.2,singer
21.671820056408,60,0.2,sinu
278.03347005911,60,0.3,bernoulli
6.9153015971974,60,0.3,chebyshev
15.446823098052,60,0.3,circle
592.0288019029,60,0.3,gauss
43.244907690443,60,0.3,logistic
37.168005973126,60,0.3,sine
29.216572257144,60,0.3,singer
24.080542730251,60,0.3,sinu
283.54581485418,60,0.4,bernoulli
27.25004046309,60,0.4,chebyshev
13.550970158285,60,0.4,circle
591.97453211179,60,0.4,gauss
45.217941659064,60,0.4,logistic
34.362041372009,60,0.4,sine
34.344051210579,60,0.4,singer
31.081014724259,60,0.4,sinu
75.613103740092,60,0.5,bernoulli
24.988447229703,60,0.5,chebyshev
13.961851989158,60,0.5,circle
591.97597170178,60,0.5,gauss
49.877917706402,60,0.5,logistic
44.45899035964,60,0.5,sine
29.302077167152,60,0.5,singer
17.0698331721,60,0.5,sinu
56.605293804163,60,0.6,bernoulli
27.928376049757,60,0.6,chebyshev
13.92998769948,60,0.6,circle
592.03158165366,60,0.6,gauss
69.128024848426,60,0.6,logistic
46.067658346821,60,0.6,sine
29.594687045314,60,0.6,singer
24.883841441344,60,0.6,sinu
50.268059579411,60,0.7,bernoulli
28.368372658413,60,0.7,chebyshev
15.421700502623,60,0.7,circle
592.02391762604,60,0.7,gauss
64.134889654049,60,0.7,logistic
51.263296482454,60,0.7,sine
36.973797169755,60,0.7,singer
24.981192343029,60,0.7,sinu
50.357787386328,60,0.8,bernoulli
27.588830717669,60,0.8,chebyshev
14.828031113065,60,0.8,circle
592.02735600137,60,0.8,gauss
51.693213493041,60,0.8,logistic
40.003757099625,60,0.8,sine
35.176304457005,60,0.8,singer
21.049367276233,60,0.8,sinu
33.718334924841,60,0.9,bernoulli
25.147134607911,60,0.9,chebyshev
14.856832376743,60,0.9,circle
592.03177779276,60,0.9,gauss
45.649814606842,60,0.9,logistic
32.946052590424,60,0.9,sine
34.055476127311,60,0.9,singer
20.905471897034,60,0.9,sinu
251.09835911443,70,0.1,bernoulli
9.7894537616204,70,0.1,chebyshev
14.014306016882,70,0.1,circle
591.87048830422,70,0.1,gauss
47.840432934552,70,0.1,logistic
30.995173242253,70,0.1,sine
27.354934858473,70,0.1,singer
23.072454758074,70,0.1,sinu
268.86943770992,70,0.2,bernoulli
12.668217871006,70,0.2,chebyshev
15.953829166273,70,0.2,circle
591.82896842864,70,0.2,gauss
37.83663415243,70,0.2,logistic
39.093242409704,70,0.2,sine
42.082477952086,70,0.2,singer
17.4261967497,70,0.2,sinu
266.91195460991,70,0.3,bernoulli
22.464961137793,70,0.3,chebyshev
13.2043394893,70,0.3,circle
591.88799838621,70,0.3,gauss
46.77187659025,70,0.3,logistic
28.386522717762,70,0.3,sine
25.046314054774,70,0.3,singer
33.235768935895,70,0.3,sinu
277.59501325348,70,0.4,bernoulli
19.466326666504,70,0.4,chebyshev
14.725629272104,70,0.4,circle
591.83228215613,70,0.4,gauss
53.354281419104,70,0.4,logistic
31.411001757162,70,0.4,sine
22.678830874486,70,0.4,singer
26.801243928957,70,0.4,sinu
72.06925791604,70,0.5,bernoulli
23.601248941101,70,0.5,chebyshev
13.865918168847,70,0.5,circle
591.84687526471,70,0.5,gauss
44.335813426632,70,0.5,logistic
48.782163371124,70,0.5,sine
27.648196515304,70,0.5,singer
19.277569576192,70,0.5,sinu
61.07065497457,70,0.6,bernoulli
28.25677457373,70,0.6,chebyshev
16.621492654869,70,0.6,circle
591.84080968759,70,0.6,gauss
51.956953955359,70,0.6,logistic
59.674768130792,70,0.6,sine
33.640367490997,70,0.6,singer
25.714717459395,70,0.6,sinu
54.629744543248,70,0.7,bernoulli
26.385376353632,70,0.7,chebyshev
16.141552923172,70,0.7,circle
591.82769476673,70,0.7,gauss
58.491700133701,70,0.7,logistic
44.626060730482,70,0.7,sine
30.181898405838,70,0.7,singer
18.934672453548,70,0.7,sinu
41.517453225925,70,0.8,bernoulli
29.485296194477,70,0.8,chebyshev
17.085720297378,70,0.8,circle
591.86227587728,70,0.8,gauss
43.008915220854,70,0.8,logistic
41.979446431462,70,0.8,sine
38.233487459773,70,0.8,singer
19.236619667387,70,0.8,sinu
33.523871964251,70,0.9,bernoulli
35.22010965948,70,0.9,chebyshev
17.929525068818,70,0.9,circle
591.80120712573,70,0.9,gauss
47.83536603558,70,0.9,logistic
34.762923216851,70,0.9,sine
32.939028712345,70,0.9,singer
16.855142759421,70,0.9,sinu
268.42385576725,80,0.1,bernoulli
9.0271202459797,80,0.1,chebyshev
18.517256220959,80,0.1,circle
591.73763420233,80,0.1,gauss
32.213178292922,80,0.1,logistic
30.423604698293,80,0.1,sine
27.030939157954,80,0.1,singer
10.548612642872,80,0.1,sinu
274.47284374669,80,0.2,bernoulli
10.749370055697,80,0.2,chebyshev
17.939967322264,80,0.2,circle
591.73584959788,80,0.2,gauss
49.490859469925,80,0.2,logistic
39.036044415509,80,0.2,sine
35.399825628641,80,0.2,singer
22.093498949442,80,0.2,sinu
282.94940378953,80,0.3,bernoulli
15.04223176556,80,0.3,chebyshev
12.622068313097,80,0.3,circle
591.72123394798,80,0.3,gauss
48.049393670721,80,0.3,logistic
29.988741211269,80,0.3,sine
33.6474251465,80,0.3,singer
23.630775964708,80,0.3,sinu
276.03414434977,80,0.4,bernoulli
39.695636317745,80,0.4,chebyshev
12.735016956265,80,0.4,circle
591.73364866748,80,0.4,gauss
51.390855029198,80,0.4,logistic
36.919744337372,80,0.4,sine
24.143743167779,80,0.4,singer
17.060248755174,80,0.4,sinu
80.224803601884,80,0.5,bernoulli
27.461282479527,80,0.5,chebyshev
16.592404981086,80,0.5,circle
591.71634563118,80,0.5,gauss
33.344302830264,80,0.5,logistic
43.026228529441,80,0.5,sine
30.068263057055,80,0.5,singer
22.902571997801,80,0.5,sinu
54.429884094094,80,0.6,bernoulli
42.839992853957,80,0.6,chebyshev
14.795060735892,80,0.6,circle
591.73044444185,80,0.6,gauss
62.667157362746,80,0.6,logistic
46.986410846849,80,0.6,sine
28.667408024335,80,0.6,singer
20.032915818164,80,0.6,sinu
52.242345087053,80,0.7,bernoulli
31.401817077435,80,0.7,chebyshev
15.757765259951,80,0.7,circle
591.73211679005,80,0.7,gauss
57.755994777068,80,0.7,logistic
47.084908321757,80,0.7,sine
31.701076689996,80,0.7,singer
25.51699704276,80,0.7,sinu
40.609862471773,80,0.8,bernoulli
24.255037940058,80,0.8,chebyshev
15.594077120852,80,0.8,circle
591.70914298615,80,0.8,gauss
44.361089843927,80,0.8,logistic
37.957120816204,80,0.8,sine
35.30613635642,80,0.8,singer
18.038206220506,80,0.8,sinu
36.418340460826,80,0.9,bernoulli
25.719545188763,80,0.9,chebyshev
17.025028379756,80,0.9,circle
591.73045072132,80,0.9,gauss
53.861193560883,80,0.9,logistic
30.782507292875,80,0.9,sine
40.346851777676,80,0.9,singer
17.622592636382,80,0.9,sinu
264.73639689762,90,0.1,bernoulli
9.5026963512738,90,0.1,chebyshev
19.002267963387,90,0.1,circle
591.64956764604,90,0.1,gauss
42.803570356837,90,0.1,logistic
37.956606947495,90,0.1,sine
29.587908468765,90,0.1,singer
18.795724826047,90,0.1,sinu
265.65407465353,90,0.2,bernoulli
6.0263023970452,90,0.2,chebyshev
14.606384920676,90,0.2,circle
591.65284754318,90,0.2,gauss
50.681181918178,90,0.2,logistic
35.000946717704,90,0.2,sine
28.779871996479,90,0.2,singer
27.896933417751,90,0.2,sinu
262.71578259098,90,0.3,bernoulli
14.977064017428,90,0.3,chebyshev
13.530960018356,90,0.3,circle
591.6268625826,90,0.3,gauss
39.327545962972,90,0.3,logistic
33.784527421984,90,0.3,sine
28.006446251305,90,0.3,singer
28.44973139455,90,0.3,sinu
286.19855967469,90,0.4,bernoulli
27.001710193157,90,0.4,chebyshev
13.039001519458,90,0.4,circle
591.65263503047,90,0.4,gauss
40.098505300763,90,0.4,logistic
38.728873300279,90,0.4,sine
31.794017118159,90,0.4,singer
18.293760906599,90,0.4,sinu
77.506209771666,90,0.5,bernoulli
20.638589479177,90,0.5,chebyshev
15.770676700441,90,0.5,circle
591.68142320599,90,0.5,gauss
40.589122996288,90,0.5,logistic
46.13426510712,90,0.5,sine
29.051348994497,90,0.5,singer
17.42090850781,90,0.5,sinu
59.226478061219,90,0.6,bernoulli
23.789189624038,90,0.6,chebyshev
15.813774509799,90,0.6,circle
591.64764354053,90,0.6,gauss
61.575415758153,90,0.6,logistic
52.466091771222,90,0.6,sine
33.614362891299,90,0.6,singer
23.044380714908,90,0.6,sinu
53.635498692285,90,0.7,bernoulli
29.300347680815,90,0.7,chebyshev
16.972145192532,90,0.7,circle
591.65266034623,90,0.7,gauss
54.709577886738,90,0.7,logistic
64.02014900888,90,0.7,sine
32.215407294558,90,0.7,singer
22.296631604022,90,0.7,sinu
43.085031292173,90,0.8,bernoulli
30.109665299183,90,0.8,chebyshev
17.796994914568,90,0.8,circle
591.62844020511,90,0.8,gauss
61.559898999206,90,0.8,logistic
42.592707102384,90,0.8,sine
35.952288910988,90,0.8,singer
22.645942453008,90,0.8,sinu
34.846927608,90,0.9,bernoulli
27.448118644661,90,0.9,chebyshev
18.349392655713,90,0.9,circle
591.65860134053,90,0.9,gauss
51.73169595929,90,0.9,logistic
34.865452812217,90,0.9,sine
37.412908729023,90,0.9,singer
14.125767862576,90,0.9,sinu
265.11682600264,100,0.1,bernoulli
10.358905991799,100,0.1,chebyshev
18.510049956506,100,0.1,circle
591.62459460334,100,0.1,gauss
40.762511661059,100,0.1,logistic
29.184981148769,100,0.1,sine
28.376194007931,100,0.1,singer
24.264286343147,100,0.1,sinu
261.97233940388,100,0.2,bernoulli
14.345608497433,100,0.2,chebyshev
18.442337651101,100,0.2,circle
591.59406264818,100,0.2,gauss
50.656784802926,100,0.2,logistic
38.155523991573,100,0.2,sine
24.670018802915,100,0.2,singer
27.251744287228,100,0.2,sinu
272.7356183213,100,0.3,bernoulli
14.511899165851,100,0.3,chebyshev
15.176287348314,100,0.3,circle
591.56157487658,100,0.3,gauss
39.725476609211,100,0.3,logistic
35.160751987628,100,0.3,sine
29.683433753593,100,0.3,singer
28.069529979344,100,0.3,sinu
284.03786981946,100,0.4,bernoulli
14.788894814813,100,0.4,chebyshev
14.524659179692,100,0.4,circle
591.60617987715,100,0.4,gauss
40.745404993352,100,0.4,logistic
34.45459386721,100,0.4,sine
32.317132182667,100,0.4,singer
23.614380338808,100,0.4,sinu
82.483063742447,100,0.5,bernoulli
22.870493441683,100,0.5,chebyshev
14.941860945254,100,0.5,circle
591.57816288665,100,0.5,gauss
39.968338630077,100,0.5,logistic
43.618005079231,100,0.5,sine
38.600181395249,100,0.5,singer
20.806278309113,100,0.5,sinu
58.203212323622,100,0.6,bernoulli
25.577425489491,100,0.6,chebyshev
16.365840590658,100,0.6,circle
591.57484499114,100,0.6,gauss
43.881297917629,100,0.6,logistic
69.772980744577,100,0.6,sine
32.000463274481,100,0.6,singer
22.49000310601,100,0.6,sinu
48.563603649857,100,0.7,bernoulli
22.137161711873,100,0.7,chebyshev
16.241125211099,100,0.7,circle
591.59772266469,100,0.7,gauss
64.433555510866,100,0.7,logistic
50.9838137654,100,0.7,sine
24.693822236803,100,0.7,singer
19.964755284213,100,0.7,sinu
43.145556092296,100,0.8,bernoulli
38.079632682874,100,0.8,chebyshev
15.751248984964,100,0.8,circle
591.59995503178,100,0.8,gauss
40.474884051673,100,0.8,logistic
40.224370731833,100,0.8,sine
30.741696027975,100,0.8,singer
16.481677129437,100,0.8,sinu
31.182993776694,100,0.9,bernoulli
28.778057849903,100,0.9,chebyshev
19.096352672109,100,0.9,circle
591.61371074075,100,0.9,gauss
65.332501600844,100,0.9,logistic
40.509109641837,100,0.9,sine
28.347562732959,100,0.9,singer
20.881279923502,100,0.9,sinu
