p=20, Rao-1 mae = 0.13730291237819
63,62.837003746762,0.16299625323839
92,91.807442635601,0.19255736439889
56,55.852987852436,0.14701214756428
86,85.888104192938,0.11189580706184
32,31.935034527434,0.064965472566197
91,90.950193810985,0.049806189014831
35,34.874438968007,0.1255610319929
93,92.706567994096,0.29343200590372
36,35.925292215598,0.074707784401852
62,61.812198759037,0.18780124096258
45,44.874997433183,0.12500256681735
37,36.90316180955,0.096838190450406
32,31.935178167684,0.064821832315914
30,29.93544733944,0.064552660560221
21,20.945390045938,0.054609954061867
112,111.64450199145,0.35549800855119
39,38.90891472967,0.091085270329835
52,51.82543632939,0.17456367061043
80,79.770385970707,0.22961402929258
56,55.854550973028,0.14544902697204
35,34.929409347125,0.070590652874593

p=20, Rao-2 mae = 0.1510273876007
63,62.814140168187,0.18585983181275
92,91.787896507911,0.21210349208863
56,55.842099935542,0.15790006445764
86,85.879728900586,0.12027109941437
32,31.92630217861,0.073697821389825
91,90.936300846851,0.063699153149159
35,34.860472936519,0.1395270634809
93,92.66019778414,0.33980221585963
36,35.918344347722,0.081655652278073
62,61.794709045125,0.20529095487547
45,44.860430497827,0.13956950217327
37,36.901383688332,0.098616311668366
32,31.934472824262,0.065527175737554
30,29.935390106379,0.064609893620901
21,20.939507266503,0.060492733496694
112,111.61303459706,0.38696540294089
39,38.893318024519,0.10668197548142
52,51.812879354388,0.18712064561224
80,79.748511162281,0.25148883771905
56,55.842960247035,0.15703975296544
35,34.926344440607,0.073655559392506

p=40, Rao-3 mae = 0.13509456428202
63,62.831045414536,0.16895458546381
92,91.808685255388,0.1913147446122
56,55.849393946315,0.15060605368473
86,85.884516755397,0.11548324460296
32,31.930951656878,0.069048343122184
91,90.934643885078,0.065356114922366
35,34.851754518885,0.14824548111479
93,92.698288428229,0.30171157177146
36,35.927369958886,0.072630041114486
62,61.81096119343,0.18903880656959
45,44.900471295839,0.099528704161202
37,36.90064518169,0.099354818310225
32,31.933757594719,0.066242405280832
30,29.944335530645,0.055664469355335
21,20.939848376459,0.060151623540754
112,111.66535488635,0.33464511365221
39,38.912439517765,0.087560482234785
52,51.824559689043,0.17544031095716
80,79.799066763566,0.20093323643358
56,55.860480912535,0.13951908746468
35,34.954443388447,0.045556611553032

Rao-1 p=10 trials = 30
0.18406474499319
0.2398448470019
0.16442363873641
0.14234597116145
0.067376687273285
0.19283195751449
0.13613432308688
0.31166738461663
0.073720673204029
0.1993281856254
0.19224211225067
0.087594709330517
0.078947861751107
0.085572324917674
0.059451185952
0.38466641004905
0.095638695057666
0.19210667442334
0.29036508439756
0.13845923742811
0.098979458056021

Rao-1 p=20 trials = 30
0.14182530764769
0.18218954111894
0.13320953809051
0.11356640583041
0.050745533022756
0.079290779640104
0.13597925965012
0.30089633076918
0.067728446612335
0.15476459292714
0.1383649896665
0.065619455112952
0.082123387201513
0.06031251391822
0.071407543655337
0.29730200316671
0.083316148420884
0.18726048689415
0.21895709719297
0.12673720333778
0.069603384067463

Rao-1 p=30 trials = 30
0.13982477765377
0.17269020715804
0.12820271213031
0.10520515431497
0.067800136182047
0.071376695729697
0.14279544572351
0.25707804310532
0.059560548216282
0.18191288470804
0.081224177923161
0.08111599030596
0.049187266050399
0.051613529359031
0.056693102156128
0.32832631937559
0.099292465731175
0.15926965048644
0.18913111851214
0.1284237594175
0.054579139380422

Rao-1 p=40 trials = 30
0.13951441400052
0.15881856849394
0.10380020121172
0.1288969631114
0.06137743738708
0.073448333557394
0.13578277381976
0.28098560764229
0.035939758175374
0.14355409599539
0.086679256536669
0.09342932274869
0.053582873212783
0.046528724889214
0.058454189269895
0.2801817854502
0.067525457690806
0.16142964486745
0.15891499387048
0.13501410457443
0.032884685693972

Rao-1 p=50 trials = 30
0.12988604114383
0.17275537736622
0.1288821180887
0.075151341851011
0.062629696698686
0.073353183721238
0.15395032380003
0.22920627294232
0.058697405095096
0.15251644030328
0.092843516332749
0.087593940283512
0.038295311580576
0.055805355653508
0.049077312110132
0.27478623585819
0.071046964440043
0.1691345858042
0.18234513076233
0.13814338957004
0.069393359281491

Rao-1 p=60 trials = 30
0.1363209264121
0.15020681535931
0.13156767661297
0.11186339857824
0.049797557137833
0.055239604699167
0.18001258277665
0.22767551991063
0.06358035422604
0.15637579878484
0.088894640614782
0.098744689231026
0.059531135689518
0.064377926038926
0.07279295631033
0.25159598161957
0.072463847406496
0.15160872957152
0.17329823816854
0.1280738879332
0.021277796118518

Rao-1 p=70 trials = 30
0.1502690599944
0.12128479143368
0.10650316985083
0.11427912323792
0.047573470706261
0.078819805137684
0.14706753407407
0.27173212337811
0.066169992920941
0.16014343601132
0.057695338462977
0.097774873727275
0.043956999413979
0.044232418887987
0.055475085074608
0.25996567375599
0.069210236989257
0.16078862076979
0.15896831234649
0.12647023143064
0.021402814133538

Rao-1 p=80 trials = 30
0.14409655111366
0.15563401432534
0.13826156818313
0.082540594190419
0.07025450213423
0.047902840676727
0.13655522013267
0.2639510323812
0.053824333811654
0.15700455216026
0.055421166612533
0.085749058455946
0.055805892938
0.048203826741101
0.053752618881884
0.26759733819515
0.061927348806513
0.16064849190766
0.14583994317586
0.13804322111158
0.0082923884588908

Rao-1 p=90 trials = 30
0.15036443303483
0.14156788537089
0.12983273237262
0.080141412345057
0.056427445764175
0.03358883962332
0.15827912688813
0.24058747501238
0.050765271537628
0.15811720607573
0.051226652005568
0.076381373095465
0.062608565045114
0.051989469186569
0.047159826547411
0.30254538152229
0.073027277249544
0.16318458899026
0.15032349618247
0.13107110629632
0.029394905474796

Rao-1 p=100 trials = 30
0.12268122306955
0.162100454905
0.12147793282927
0.09940121300248
0.035452139855231
0.052568880664779
0.15037762399898
0.22918362024025
0.059943796837864
0.16306580281524
0.05318822343267
0.098762982817391
0.050067569876635
0.045754589110011
0.088512000011228
0.27131304498032
0.083428041634392
0.16105928042802
0.14362817961141
0.13071707513186
0.015140596131069

Rao-2 p=10 trials = 30
0.21087785653962
0.23999574325363
0.19848782488035
0.1006363731255
0.078149763135961
0.064165572205056
0.14368866929885
0.39597054666062
0.10796665715937
0.20170586604881
0.17119360609841
0.11104976443118
0.071766965829653
0.072378852443087
0.056264450053838
0.39831479840909
0.1338790628839
0.19454873495444
0.33497632201858
0.192680593955
0.088757151455461

Rao-2 p=20 trials = 30
0.19155854700453
0.21004933401906
0.11923318996102
0.12019787319214
0.070879018366593
0.072658502047133
0.12920060401396
0.31864080133472
0.053295592487387
0.15367638195875
0.14940455555475
0.084670817177596
0.068886292175989
0.080187468535453
0.038882097074097
0.36794473670732
0.10629036937059
0.19374908974231
0.23029528990263
0.14179482450169
0.078096110571792

Rao-2 p=30 trials = 30
0.14964405512141
0.20430877102724
0.13675863545232
0.1054683689388
0.064541568290064
0.066265734037032
0.11966616915115
0.33951311765469
0.08857236403886
0.17443958959957
0.11482706036772
0.11716031132245
0.055698187601045
0.057449667159439
0.076182998497426
0.31688919135756
0.07822877202026
0.14501029298478
0.20322330689635
0.14284569827492
0.048710656870313

Rao-2 p=40 trials = 30
0.17952176234463
0.2613940005289
0.17420979908249
0.11849812340556
0.043736832238228
0.058592899338294
0.13507754772523
0.25270169859732
0.075943967206072
0.18979860613172
0.055159893608604
0.11086188610504
0.063812849265577
0.054186368534069
0.046582263692567
0.31528711438483
0.069510128350778
0.17619899994788
0.20630870492344
0.13138165706185
0.02990615945123

Rao-2 p=50 trials = 30
0.16401932298122
0.16983824088985
0.13672850923847
0.094469879548882
0.060032318225332
0.091016045397481
0.17092901595689
0.21800189851341
0.05738347770837
0.19613229254522
0.084100898703447
0.11205310322991
0.054396168712341
0.056989247772993
0.066485365878222
0.30867535774846
0.081111345572424
0.15626952383451
0.19723711842285
0.13012718027365
0.043033422553712

Rao-2 p=60 trials = 30
0.17064062303296
0.17497241707518
0.16466533540071
0.10377675136688
0.053710120211417
0.045725063147586
0.16639355275184
0.24551991845682
0.051004064360299
0.18733160416205
0.10263991470887
0.080069702285201
0.059170238763357
0.046209421043418
0.054582181915848
0.23810694025988
0.090956263126273
0.16179501076407
0.17726338406514
0.12712289499287
0.016401704569375

Rao-2 p=70 trials = 30
0.14472327727184
0.19431440988394
0.13772945848316
0.11192775823602
0.053280940251323
0.066392241895073
0.14113141067827
0.24458032177067
0.05393091860244
0.18247122527205
0.066281125649255
0.1034311196807
0.078342036691502
0.047843225503854
0.054484064115208
0.30872616325348
0.074261797716261
0.17477932675025
0.19355765283848
0.13722484860789
0.01725643930552

Rao-2 p=80 trials = 30
0.14818149937413
0.14716602618135
0.14884788441744
0.11147109499842
0.06488436573688
0.069867236003901
0.13630347053021
0.24633229489316
0.058395377706425
0.18175283204545
0.06767180913787
0.091682732249723
0.061824755437424
0.054565336453773
0.071478842384487
0.25762689895913
0.075294000761559
0.16262763911556
0.16070419936041
0.12239161653621
0.01355797000916

Rao-2 p=90 trials = 30
0.18222248600479
0.16215761239282
0.15486552974923
0.11553793542477
0.06312023397059
0.073704540158928
0.15455422924252
0.24699108647143
0.057453265374235
0.17458962039761
0.062490714500782
0.095006360815574
0.06606538679717
0.052171492819998
0.06120803755654
0.29272507120839
0.070849538416333
0.18835412095029
0.14252093256607
0.12252723507378
0.0062306585342853

Rao-2 p=100 trials = 30
0.17086706569895
0.14223332612971
0.15607474834692
0.13021873496068
0.062047539889161
0.049195534458505
0.16066692277602
0.25205343333896
0.070986411932672
0.18388914929953
0.04762886824097
0.096432418296381
0.069952755137521
0.050844721122015
0.059851822345404
0.26843663963743
0.075312164450899
0.17807085096917
0.13757305261622
0.13151406037029
0.0077859188648475

Rao-3 p=10 trials = 30
0.21416103392133
0.24437266360792
0.14353872251058
0.17142327513614
0.081457686047855
0.061089871183214
0.1313051194786
0.383935308804
0.077269810377906
0.23354338829384
0.13492802237457
0.10139027690624
0.068638855431402
0.095399146811072
0.070399941985876
0.42328763906006
0.11335611897064
0.20219918536661
0.32120763221167
0.16373374805389
0.11126781084688

Rao-3 p=20 trials = 30
0.15998949477935
0.21832776329705
0.13617442363954
0.10832922289835
0.069176841793258
0.053790837250205
0.13617442054802
0.33625122407322
0.093406020987707
0.23457479125296
0.12727255138456
0.090430675062962
0.068060390710926
0.068468981562351
0.052003752907634
0.42103199462349
0.063237386031574
0.15824636048248
0.19441920039159
0.14646214493411
0.05205599302392

Rao-3 p=30 trials = 30
0.1422280868014
0.18821712009341
0.15437769375183
0.10997214061982
0.081111765761964
0.057654812661113
0.15311110504665
0.29320297896375
0.063984327807091
0.18454544440324
0.12378584930926
0.096286979617311
0.048294044729648
0.052366235810453
0.060862289793864
0.35239497252738
0.094281154629265
0.17724100990149
0.20308722868167
0.16235583108009
0.055374761567023

Rao-3 p=40 trials = 30
0.17156756831467
0.18428457575227
0.12246746382174
0.081958180577985
0.060868789389335
0.057254726443432
0.12054637706293
0.32054138136752
0.067806652312711
0.16703475538628
0.061206081201064
0.092487471614497
0.053700498553528
0.041522838921981
0.054812600482556
0.28662532773585
0.079245736125173
0.1743500658061
0.1752648355268
0.13274971709203
0.039791183377908

Rao-3 p=50 trials = 30
0.19303269815439
0.19487913374064
0.15050574948884
0.11458704511797
0.056044271321653
0.086106700049399
0.13800840268534
0.27340256735347
0.070950289820686
0.19023862391258
0.072625061665128
0.097530234481326
0.058484747043696
0.059608457366824
0.030730664135799
0.35962526818463
0.068481950602084
0.17532214565409
0.17768914561135
0.12784605675086
0.039358822233012

Rao-3 p=60 trials = 30
0.17520254734676
0.16579460310658
0.13874891576669
0.10385628184738
0.042312627021893
0.053651750264834
0.16395030301712
0.27797950425135
0.079428242149554
0.20057284444329
0.070604682674613
0.09555089245579
0.078332983784147
0.03921010062129
0.069357226334603
0.28140996664324
0.071670979183374
0.16822206138712
0.15418938128568
0.11948262938709
0.010244497698402

Rao-3 p=70 trials = 30
0.16133547215122
0.17484262783196
0.12374900967629
0.13908356790937
0.061569630992029
0.053127025836815
0.15687093490389
0.25066306570456
0.063621607548392
0.17095870004513
0.082232237885066
0.11336221985213
0.059449795754936
0.045474399125879
0.049366097394966
0.31096395211581
0.075379725586536
0.14739886003566
0.16433466852155
0.13428181670755
0.020333251581697

Rao-3 p=80 trials = 30
0.193695388647
0.16960193140714
0.14507772816539
0.0991787112563
0.070228625508626
0.052787199688069
0.14995413267371
0.24653099638408
0.053953890204426
0.17011671443748
0.048156231285624
0.083466607826992
0.053857973016882
0.046344160900006
0.069576117312494
0.25999392753005
0.071768474584076
0.17274022881924
0.16002614183776
0.12318691288255
0.0018455289576238

Rao-3 p=90 trials = 30
0.14303408637367
0.1805482511966
0.14339811357045
0.12082607048298
0.049792997014265
0.078647648341928
0.15682440405234
0.25631851197737
0.068442429834342
0.16891550491134
0.052515621056472
0.081960265483303
0.052873930758878
0.049141725975524
0.053936039958465
0.30278844734595
0.077708447542932
0.16615817435901
0.14612376008107
0.11358769042553
0.0010259904233081

Rao-3 p=100 trials = 30
0.13717324602506
0.12299950728053
0.13902455970769
0.11452022458865
0.046546948897035
0.048488902928398
0.16393345283893
0.25479162988442
0.048941350114937
0.19255459153018
0.073046535887897
0.085014672722558
0.051041926076561
0.057475503135162
0.071099476918356
0.28683305757477
0.070539875687075
0.17593735142636
0.14888943784997
0.1388240400211
0.00094964744386061

Rao-1 p=10 trials = 30 Logistic
0.19759664560473
0.27184945802864
0.14535643037619
0.010971769210613
0.068775043241526
0.26114639101174
0.13156827152498
0.34590844731017
0.093166194064793
0.23862269563597
0.14554592060362
0.10736031181371
0.079580814604718
0.089931000328754
0.071791947807814
0.40516462893285
0.12737033593426
0.17133135794541
0.31360866442
0.17935427126912
0.07527847615134

Rao-1 p=20 trials = 30 Logistic
0.14232752702829
0.19189422606323
0.15658853857867
0.13244402594223
0.067403251985851
0.067484224699939
0.13249582892251
0.3016677791242
0.061526311102917
0.20303441330496
0.12819309303084
0.087686871930281
0.063788289853854
0.062004732201345
0.040906117083441
0.41342490250977
0.084292795260986
0.17654639351011
0.2385812018077
0.14112708134935
0.065820357162728

Rao-1 p=30 trials = 30 Logistic
0.1450815648141
0.16869421798562
0.14728735888626
0.11098291757328
0.028159729070339
0.059238351153041
0.15756065168675
0.29117946447769
0.073164988242162
0.15789647104133
0.14283428920861
0.117594683128
0.082562760435167
0.078046692981417
0.06965228167282
0.34361592758674
0.09832180096241
0.16632001416586
0.19865073262625
0.14193739802979
0.04869756956397

Rao-1 p=40 trials = 30 Logistic
0.15119020185156
0.18826240982705
0.1383887301717
0.12046687962591
0.056582107290854
0.077228147852651
0.15729218522137
0.25899736144034
0.050292360878359
0.19191182122899
0.076675063273633
0.099787866248207
0.071586111517618
0.058508492486727
0.076715350570719
0.30535263353103
0.073243954466193
0.16647891187598
0.19686679266825
0.14415215586068
0.025093211858447

Rao-1 p=50 trials = 30 Logistic
0.18124904568086
0.1609682397052
0.17716760341631
0.11814414850008
0.064176040369674
0.06919566849345
0.17376524814789
0.28711941586771
0.061167630042654
0.21080013187995
0.098915963355623
0.10069776631367
0.056788908260135
0.053938816199121
0.071787365039619
0.28442196258274
0.076191771333235
0.18825539067401
0.1635711750933
0.15820301647862
0.027279757582775

Rao-1 p=60 trials = 30 Logistic
0.14599766627182
0.15456978937983
0.12917855121069
0.10524494350874
0.056413126012416
0.052948213953243
0.14434644527879
0.26722062295489
0.048872478492513
0.18825136283049
0.062774398055218
0.090038057053341
0.073529991305804
0.04902760469674
0.062761581512305
0.26506404221323
0.071582264537184
0.16834904158223
0.20538299251808
0.12406141008647
0.037706012640399

Rao-1 p=70 trials = 30 Logistic
0.1425611509414
0.14629408267166
0.15900848829522
0.1014399076678
0.050831932824106
0.048067453777435
0.14240296735277
0.2615780297788
0.045151456146385
0.16843456675191
0.046737440148043
0.099828632747041
0.060564954017011
0.043573091253862
0.068904316434182
0.29049055532076
0.084501321910679
0.17716615091737
0.19244884860913
0.13504881993535
0.024434185633659

Rao-1 p=80 trials = 30 Logistic
0.13843605664137
0.15371185565103
0.14968550162509
0.094385378198325
0.039795156729017
0.059944114534176
0.13048705790234
0.27458874248214
0.057369499339714
0.14143977346589
0.087781715308793
0.10413491519436
0.061184852417568
0.050735851427067
0.098194208757118
0.27817951392046
0.069087556150699
0.1632375792539
0.13693061836695
0.12750613210145
0.014385531191401

Rao-1 p=90 trials = 30 Logistic
0.14868950992047
0.17214857075044
0.12603340139071
0.11287457854259
0.044997627133544
0.043191565721131
0.17041717708456
0.24578228504541
0.05923291622004
0.16908178497759
0.068996605722013
0.10501027213318
0.068284396221305
0.060064455676901
0.080813301345081
0.27104105547137
0.067319321637974
0.15338079148097
0.14446480510635
0.14764426921244
0.033056230764316

Rao-1 p=100 trials = 30 Logistic
0.12207486716092
0.1552265449851
0.14625539956008
0.085455927214952
0.056504741955131
0.062063979004748
0.15622829155996
0.25687451569534
0.059872733424505
0.17059269063532
0.056977999029243
0.10070290138773
0.081964122848095
0.052386997407488
0.052165598097012
0.25723174284455
0.065108102972268
0.16285333942522
0.15627224044995
0.13990449237756
0.0080163358200451

Rao-2 p=10 trials = 30 Logistic
0.22521356798138
0.26228920289655
0.17814866464028
0.14561388073186
0.075244620220989
0.015933139708181
0.15846622590957
0.39455080020031
0.1034213431988
0.2444376475541
0.16831825493956
0.11655047648227
0.069452431881945
0.087027324106412
0.063664045687222
0.51961603810801
0.13448645942216
0.17546971233969
0.3461579181902
0.18448713462635
0.12579464704984

Rao-2 p=20 trials = 30 Logistic
0.17156566958309
0.21715993274805
0.170647053084
0.14787448307374
0.083500557526012
0.078200528168423
0.14492545867452
0.32610406770678
0.072105762690668
0.2236874622824
0.16553672415965
0.12269660544931
0.068773166823405
0.078041855120876
0.05944409419023
0.35254054094585
0.10706848678283
0.21682760989026
0.23483145293066
0.1643582817743
0.087609044433016

Rao-2 p=30 trials = 30 Logistic
0.16376463736407
0.20907560260419
0.17678556706893
0.10898619412885
0.053793949229792
0.076681475352217
0.15172578308031
0.37616850398329
0.073914731293215
0.18835325470791
0.13750439714861
0.11306315704949
0.052389598899385
0.059100132442204
0.062739944095068
0.32487657076052
0.12032291130782
0.18138784990369
0.25598987411446
0.15138765136763
0.070039734884332

Rao-2 p=40 trials = 30 Logistic
0.18672615884029
0.1833578947018
0.15349752360448
0.14173209459629
0.061034732580417
0.07674265356529
0.16574425989393
0.29807154651404
0.072699005416169
0.19042731622172
0.11924599272081
0.082747451968601
0.093139013854781
0.066217587317773
0.04845761172766
0.36663970061588
0.082646676667288
0.17480587032669
0.19541226718637
0.1158575870734
0.040214534785264

Rao-2 p=50 trials = 30 Logistic
0.19667643095908
0.20819501302046
0.17747840785715
0.13249738663448
0.076516158621729
0.049953159378035
0.16184007167029
0.30190728616522
0.061081404284728
0.20591730576802
0.11731643379215
0.12132886422965
0.076772794431978
0.054814957215882
0.074281373696934
0.33894583385441
0.085974590970764
0.17536494333746
0.20986290357057
0.13840040456646
0.041924089754922

Rao-2 p=60 trials = 30 Logistic
0.17733088673317
0.17950551540152
0.17745860940413
0.1106580664719
0.055137126312079
0.053090122910632
0.15857392232844
0.30948389459097
0.061358292956491
0.21451812632146
0.078791227621224
0.089062846801177
0.048050684884817
0.034726291689594
0.054951000818171
0.29045328509837
0.091413108251977
0.17472272582341
0.19891727403571
0.14736968556002
0.019997607387971

Rao-2 p=70 trials = 30 Logistic
0.15468021806994
0.16264058965359
0.15879760638569
0.11676349651995
0.076935138776371
0.061994463813321
0.17124368979795
0.30767839373596
0.078022105339052
0.15860973826984
0.079694198757871
0.1060670309585
0.066192179190377
0.052987722498273
0.061478466769856
0.31499228240905
0.083274328334575
0.16533414206976
0.18375423189813
0.13659338764801
0.030593789732421

Rao-2 p=80 trials = 30 Logistic
0.18205342172899
0.18907466776456
0.17205113266851
0.10531374686877
0.046982922527658
0.061726356737381
0.16072671449541
0.31600965555295
0.062804132127901
0.21345769513079
0.073444149304365
0.11051415266184
0.057662780924357
0.048767035459306
0.068319767932433
0.34240538923513
0.070022110419806
0.15642775464635
0.16395158277412
0.13125830312713
0.033978723210147

Rao-2 p=90 trials = 30 Logistic
0.17938468173558
0.15136625026503
0.15793168523088
0.11533802733426
0.046411804914445
0.058048189629432
0.15870627107586
0.31063481010338
0.061326293958565
0.19658434987814
0.062316739729376
0.11642853378431
0.056966901540431
0.059245739087547
0.069315078504577
0.2915242636665
0.073455885765064
0.15467282013949
0.14053299897502
0.1088837428422
0.018923168398956

Rao-2 p=100 trials = 30 Logistic
0.13744529987977
0.19506899719582
0.15085562474559
0.14246838582721
0.045186386487259
0.049515428983611
0.15673678929625
0.26367395099891
0.05501742872999
0.16815428398186
0.047135180996463
0.09850783709684
0.055110665707954
0.050787421814505
0.10540498827482
0.29855872810631
0.073610145906962
0.16882620334441
0.15505931255191
0.12645467788318
0.020671439684001

Rao-3 p=10 trials = 30 Logistic
0.23478250039136
0.24438877507404
0.16547653917257
0.11421029616947
0.079302375883131
0.039510907768943
0.16036147113012
0.41898842394542
0.086028349480195
0.23954540910125
0.17980330890112
0.12153109820615
0.062133673690681
0.076836726749168
0.073329198193434
0.48261218237266
0.10985676477036
0.23310988264097
0.29527571552835
0.19446993895393
0.1250191907236

Rao-3 p=20 trials = 30 Logistic
0.17755831577863
0.26800370819092
0.17603473192725
0.12322646636197
0.083778922854052
0.068379708877075
0.14531370225887
0.33427908861088
0.097449398034378
0.2166836255275
0.16061088778231
0.086674943398748
0.074088371406386
0.071920604517569
0.057472870213953
0.3540267183548
0.10416416713296
0.18977852003225
0.22725078567517
0.17093889549574
0.063742958102836

Rao-3 p=30 trials = 30 Logistic
0.17778766117036
0.21513534168525
0.17942256931236
0.10649097094607
0.066685985116475
0.065900137694371
0.15420994764578
0.32827713185111
0.061979239066773
0.22127126781058
0.11013501696065
0.10870044471888
0.066316803415699
0.049378016487939
0.061362783325059
0.36537068415211
0.095845713533208
0.14988889502058
0.21776647172119
0.13927228070027
0.060646626661978

Rao-3 p=40 trials = 30 Logistic
0.21412541529983
0.22995704639807
0.14029126302299
0.10985803166261
0.052071060774438
0.074701358107632
0.12333891251673
0.34651607706807
0.06516940751704
0.19630428444938
0.099207074434219
0.11218238772239
0.065646089376028
0.052800574391224
0.079733590316142
0.31398935164994
0.1120256879676
0.18742830469787
0.1870337101941
0.14656714786506
0.046048689199147

Rao-3 p=50 trials = 30 Logistic
0.21214536309223
0.18216694797304
0.17625444029292
0.13921616861343
0.065975544420869
0.057243174642167
0.16217642183631
0.30300098634812
0.081865264629215
0.21897814337969
0.069011284601309
0.11046743658286
0.054111352416527
0.05205426302846
0.070205960138001
0.29147705140961
0.069956079016961
0.18897401850867
0.1711104436432
0.14133271266355
0.015880353248683

Rao-3 p=60 trials = 30 Logistic
0.19498515536293
0.2038201210834
0.17696667418909
0.12586338665173
0.041628513172562
0.048903331183325
0.14835145244313
0.2903315773078
0.068544088682238
0.20691000256512
0.068164851346253
0.10112737999167
0.081324978946572
0.056780635925371
0.068008201703829
0.33227524729101
0.08131322168191
0.16852060662203
0.18073626543215
0.13167657717129
0.021020495556719

Rao-3 p=70 trials = 30 Logistic
0.16757819389409
0.20200948451385
0.17323541891139
0.13479386120112
0.06140089060122
0.073308331671598
0.15080441626362
0.28994648556566
0.063902849333985
0.20188113911026
0.067961100837735
0.12278633016952
0.070947538142679
0.055879830751699
0.074879444813739
0.29234798045275
0.081579417718878
0.18114059540713
0.17504293943402
0.13861925698242
0.010873190597849

Rao-3 p=80 trials = 30 Logistic
0.1629246026184
0.15295306711549
0.15734460149239
0.12290779271609
0.056892152180904
0.041852394304129
0.16201434984072
0.22634703607314
0.065838433113846
0.15377100024669
0.077664366350575
0.12095011323649
0.059423263472805
0.060909929536141
0.064656036098356
0.25629253395451
0.077727415650294
0.16329925521916
0.18308970163372
0.1416953286562
0.019701013112034

Rao-3 p=90 trials = 30 Logistic
0.18585687778801
0.18692771136263
0.16986954270982
0.090705546244308
0.04439247743441
0.043678893919378
0.163249850108
0.29803824851099
0.073951062806998
0.17983556264991
0.068338993514438
0.099845929366325
0.078481347660222
0.052224229355339
0.05513355068658
0.2971974987074
0.088687980202515
0.17655194588552
0.16062659235251
0.13862772642332
0.012369503333041

Rao-3 p=100 trials = 30 Logistic
0.19828603270982
0.18341736347088
0.15676935420039
0.11510371489969
0.047902024583099
0.050437818660583
0.15638701097277
0.27815492653534
0.052774023443476
0.17358977963675
0.050796792831086
0.11722804451565
0.076762743987196
0.04849018283085
0.074682464466186
0.30707887836876
0.072894559031198
0.16551970894
0.15498702858848
0.13253805372155
0.010634145955407

Preliminary observations Rao1 Trial=10
0.14680138531834,10,bernoulli
0.2605111650638,10,chebyshev
0.13747265166219,10,circle
0.19306911428269,10,gauss
0.14554090571782,10,logistic
0.13449327377591,10,sine
0.16710672305311,10,singer
1.0075525420594,10,sinu
0.12200933048445,20,bernoulli
0.12996458206491,20,chebyshev
0.11700139395,20,circle
0.12151431890385,20,gauss
0.13969718807699,20,logistic
0.12715536051729,20,sine
0.1329449170344,20,singer
0.84785625725947,20,sinu
0.11240130745066,30,bernoulli
0.13214953675955,30,chebyshev
0.11504290500365,30,circle
0.12395155534542,30,gauss
0.12060247031757,30,logistic
0.12153684719361,30,sine
0.1159048845716,30,singer
0.58226863044691,30,sinu
0.10786797638422,40,bernoulli
0.13466041129346,40,chebyshev
0.10296557781361,40,circle
0.11348276333444,40,gauss
0.12117960071308,40,logistic
0.12256262022524,40,sine
0.11430668628206,40,singer
0.55548846964967,40,sinu
0.10239249647096,50,bernoulli
0.11805166049224,50,chebyshev
0.10917367800456,50,circle
0.11178219919224,50,gauss
0.11545364086177,50,logistic
0.1150684993538,50,sine
0.10849334449006,50,singer
0.53272719344768,50,sinu
0.09495415495779,60,bernoulli
0.12669537932229,60,chebyshev
0.10580659353964,60,circle
0.10596016886225,60,gauss
0.11006395232246,60,logistic
0.10549556140225,60,sine
0.11691079765432,60,singer
0.41490762226726,60,sinu
0.10499127672282,70,bernoulli
0.12076327562594,70,chebyshev
0.10963549326481,70,circle
0.10267868629845,70,gauss
0.10808073491555,70,logistic
0.11086632373479,70,sine
0.11904059598935,70,singer
0.503931562756,70,sinu
0.10617765394422,80,bernoulli
0.12035876809381,80,chebyshev
0.097204479884853,80,circle
0.10631583297035,80,gauss
0.10860570983891,80,logistic
0.11049224191637,80,sine
0.10679430339782,80,singer
0.39155890646127,80,sinu
0.099979582266221,90,bernoulli
0.11409871928444,90,chebyshev
0.10548361983201,90,circle
0.10737080332706,90,gauss
0.10856553082874,90,logistic
0.10440588607602,90,sine
0.11512178145504,90,singer
0.39640593314377,90,sinu
0.10130394474762,100,bernoulli
0.11969191581854,100,chebyshev
0.098926561728424,100,circle
0.09628855246873,100,gauss
0.10443391344866,100,logistic
0.10436282185019,100,sine
0.10891839566341,100,singer
0.31493737281105,100,sinu

CRao1 p=10 bernoulli
0.16574895233591
0.22799792172412
0.11464744522144
0.1083202630066
0.081227806550348
0.22048499813383
0.12494759853738
0.33556967645167
0.089159517506381
0.1794253596795
0.14950165883108
0.088457228591707
0.052297453262227
0.056635369628012
0.043336979337319
0.39156976385718
0.10890962037202
0.16432860253164
0.28164478102219
0.15087822528637
0.071856729155847

CRao1 p=20 bernoulli
0.15114915836507
0.20080241278397
0.13157811692977
0.11414274034857
0.061927170191513
0.014070650861456
0.139295257142
0.25647723263802
0.083685940099002
0.18273124119315
0.096682112372392
0.093773369354246
0.049225500480244
0.072710440236975
0.050106301350933
0.36968541619542
0.09084955410443
0.16066767845412
0.25438765338448
0.12477686795907
0.087015588114994

CRao1 p=30 bernoulli
0.14720345031459
0.18367062515561
0.14485410397864
0.10028836346382
0.06851844079468
0.053692988168649
0.12460510673758
0.23861380054301
0.06381700787761
0.17000313970188
0.087740060187549
0.10649433981251
0.043151126762268
0.05658772650542
0.063098798588719
0.29551489809239
0.081936026564918
0.1611233669621
0.19206660821099
0.1403776912885
0.046637801721154

CRao1 p=40 bernoulli
0.14586900402976
0.15603431321261
0.1393136554256
0.089443320366072
0.056989447670652
0.06062397046226
0.10493291906217
0.23894329673634
0.065329109214659
0.17143471326282
0.079752271808253
0.080013324221547
0.051261811423949
0.054827715027461
0.044723203637623
0.26315058345915
0.083978555540547
0.17464193601988
0.17550583290937
0.13871141674242
0.050502604180849

CRao1 p=50 bernoulli
0.14144184092859
0.17208947643357
0.11082470574266
0.10600367551483
0.059648258007073
0.044969224955963
0.14500683780295
0.24830014874416
0.057912387578071
0.15910070503248
0.062491483780384
0.084016847762747
0.061656135211802
0.05189152951651
0.060897524551255
0.29838114209767
0.083729948154364
0.16169006845755
0.18486938470109
0.12449085154172
0.04806040905131

CRao1 p=60 bernoulli
0.13752934981057
0.14154812140981
0.1278360173107
0.087053335363606
0.04024305356598
0.055351958229323
0.15904291022989
0.20622080062101
0.043882164795875
0.19131109624765
0.066834092256528
0.0875882810384
0.04846706986153
0.052817824018252
0.04255403064181
0.26936018430894
0.064120773017876
0.16508050826209
0.15096239470347
0.12767834693489
0.019234142181375

CRao1 p=70 bernoulli
0.13513926959212
0.16492216668068
0.12045790963494
0.094690022046478
0.056736933613294
0.038013181113001
0.1532521313532
0.23410146849245
0.053060938881657
0.16804856782851
0.082403805931527
0.085414062332113
0.053503987152943
0.049485429478629
0.083466718112923
0.3052175096373
0.071559065850856
0.16091761601751
0.15789621194233
0.13392937935316
0.014570511596624

CRao1 p=80 bernoulli
0.15274345501148
0.15570652295565
0.13107592840447
0.095997205792017
0.040722557118357
0.057612971344568
0.17703001503738
0.21686431920274
0.064958361286003
0.16522711792496
0.045204072517691
0.085462885340085
0.048234363105621
0.051505347799825
0.078970767488428
0.28675086317243
0.084250822629194
0.17081057722115
0.15763232173249
0.11071255287531
0.0045285661948995

CRao1 p=90 bernoulli
0.13354318953795
0.14906248695566
0.1466081494718
0.091316338190396
0.049930594576651
0.045421385980902
0.14814057266079
0.23205732182936
0.056517220850907
0.14882620357622
0.068915398557991
0.096178680758555
0.056192594807445
0.051397616854359
0.08468472818042
0.27327238761166
0.073767243415695
0.16236358539181
0.14806427097854
0.12239113150143
0.0030354112392885

CRao1 p=100 bernoulli
0.14752366920516
0.13267040235412
0.12380526596601
0.099617354188126
0.01734291736873
0.053604117637917
0.14329401309043
0.24326346281512
0.053951734983535
0.14304828073054
0.051074798716456
0.096178908589074
0.062261430992375
0.051664386690728
0.05906071205159
0.27336754140124
0.067432956688073
0.16128256407855
0.13912332810297
0.12615636819344
0.00067412652293086

Preliminary observations Rao2 Trial=10
0.163654187515,10,bernoulli
0.24002915479161,10,chebyshev
0.15270034628958,10,circle
0.15215021885105,10,gauss
0.15337593987892,10,logistic
0.16218533509339,10,sine
0.17856907241639,10,singer
0.77228609012524,10,sinu
0.14297535695909,20,bernoulli
0.18565921028212,20,chebyshev
0.12551760091985,20,circle
0.12419142142572,20,gauss
0.14279407876676,20,logistic
0.14772633243363,20,sine
0.15691639364424,20,singer
0.3920029029519,20,sinu
0.13269251499575,30,bernoulli
0.1491634639641,30,chebyshev
0.1167805144854,30,circle
0.12412337536899,30,gauss
0.14150087318163,30,logistic
0.13713345758417,30,sine
0.13219888027723,30,singer
0.46092599463748,30,sinu
0.11960348991942,40,bernoulli
0.14640677909481,40,chebyshev
0.12750614626719,40,circle
0.12397497272569,40,gauss
0.12378934676503,40,logistic
0.13102172799467,40,sine
0.13194528655078,40,singer
0.22017870786585,40,sinu
0.11614361185657,50,bernoulli
0.13849587854569,50,chebyshev
0.11325060458326,50,circle
0.10993945784586,50,gauss
0.11732319569266,50,logistic
0.12498171526132,50,sine
0.12215146463141,50,singer
0.29899445790094,50,sinu
0.10766273486863,60,bernoulli
0.14749748495747,60,chebyshev
0.1119538896811,60,circle
0.099619036845282,60,gauss
0.11860245619643,60,logistic
0.11293442242132,60,sine
0.13313526267303,60,singer
0.23440478929793,60,sinu
0.10651035400643,70,bernoulli
0.13732345801391,70,chebyshev
0.11176807013655,70,circle
0.11608054149921,70,gauss
0.12067555445667,70,logistic
0.11516855476414,70,sine
0.13517507032761,70,singer
0.24179367380503,70,sinu
0.10797856299991,80,bernoulli
0.14580850345779,80,chebyshev
0.11065802822222,80,circle
0.10937213351467,80,gauss
0.11714916461718,80,logistic
0.12258227915512,80,sine
0.11619199019671,80,singer
0.18154707919058,80,sinu
0.10684994860397,90,bernoulli
0.13019694100001,90,chebyshev
0.10853623168675,90,circle
0.10952720821085,90,gauss
0.12136836142242,90,logistic
0.12522113179824,90,sine
0.11252816713531,90,singer
0.31454425625906,90,sinu
0.10605899247239,100,bernoulli
0.13854834150072,100,chebyshev
0.10870449660792,100,circle
0.11613272236801,100,gauss
0.11657326614559,100,logistic
0.1086013482618,100,sine
0.11932826699595,100,singer
0.17977710975756,100,sinu

p=10 CRao-2 Gauss
0.20834365601183
0.24054889801154
0.1527406285747
0.14687561911887
0.08796515486787
0.063985735953707
0.12676978549849
0.34357827541501
0.089316502213215
0.23250241612031
0.16684359795524
0.10525399159597
0.06658671119019
0.085307275516868
0.043486939666565
0.36545576452754
0.12966572473646
0.22225634184883
0.23750424994934
0.18288548291967
0.10995254684632

p=20 CRao-2 Gauss
0.18536277057544
0.14803589743042
0.17450936080062
0.12740688759747
0.076082198962382
0.0621430739468
0.13131282006545
0.30225822934624
0.069604298944192
0.19082814663422
0.15046599089764
0.10701956615324
0.071808961355643
0.061508839310616
0.041351879785502
0.37052854684745
0.11104577722446
0.16878653645268
0.24568678831233
0.14942815323271
0.050691931909036

p=30 CRao-2 Gauss
0.21465031687594
0.16375732049541
0.12587633812463
0.12760928078788
0.073443504815593
0.069833076467347
0.12381751272066
0.35090593702115
0.080734264665907
0.21351129871572
0.1111715946726
0.077800560885279
0.06247903254021
0.063479295480604
0.066405714914918
0.3232388955617
0.096134091363766
0.18822052802992
0.21643090376756
0.14881024312968
0.038890242987989

p=40 CRao-2 Gauss
0.18152710225185
0.20604412430293
0.13396409263721
0.09364495379927
0.057471426863291
0.060241429650404
0.1411929187827
0.29119495939716
0.07200312154859
0.16130977336652
0.074091879387645
0.096498944985868
0.053042619912855
0.043838316723644
0.040185884946446
0.29497128803507
0.087366248404841
0.17585642980998
0.19232698640978
0.14229623526343
0.048823088473867

p=50 CRao-2 Gauss
0.1325381880842
0.18453927796715
0.12662499024454
0.11425095775772
0.061886977157425
0.046894217611708
0.13776860110816
0.27753507226333
0.073643287342875
0.18528834814861
0.075148385922674
0.080002842379692
0.081526825396793
0.060034551599731
0.057322610133877
0.27378451833843
0.081097050940876
0.16234164637884
0.1769850381513
0.12685720588239
0.011964780841247

p=60 CRao-2 Gauss
0.18302777658342
0.19900521811333
0.14115670765752
0.10546768529271
0.059295259812821
0.051042259021671
0.15700294093664
0.24578230464404
0.051909993490483
0.16234062280239
0.040960016816832
0.087720743189294
0.06633249407405
0.058737539344687
0.047600573822645
0.27122619130415
0.076269679005719
0.16247809500603
0.17881065023444
0.12426202273012
0.018577805161868

p=70 CRao-2 Gauss
0.15732481758415
0.15062043165518
0.14951939740882
0.13170191614353
0.058780968566865
0.053753449519206
0.16439652762035
0.20983327452943
0.061768756012391
0.15798998879526
0.068220533561615
0.091228214619157
0.075475969262605
0.045057886006429
0.074410499981216
0.30443637251055
0.069324979675571
0.17043970538742
0.16117331294718
0.1229298336822
0.010452502343661

p=80 CRao-2 Gauss

0.14534365477225
0.17114701334209
0.14193883691702
0.13082977885357
0.031180866091216
0.080094353751392
0.13304580763053
0.24714815396743
0.053355704019296
0.18602652643223
0.079543006553109
0.1025903207366
0.060982711234157
0.047782175788612
0.075899638177429
0.29466588177878
0.070688579628026
0.13906929386814
0.1577715535748
0.12866526252966
0.0027458465282706

p=90 CRao-2 Gauss
0.12836465603853
0.19768496525434
0.14246853162364
0.11900085327903
0.042538334410036
0.065210563656649
0.14295601029723
0.25286741539205
0.071421719699124
0.19668417240501
0.060974017368999
0.082318013663809
0.03052404360518
0.04824586618637
0.075782492465095
0.29630364289483
0.067775633712856
0.15389109984191
0.15739474350671
0.12506527627234
0.012896284628873

p=100 CRao-2 Gauss
0.15487192631021
0.17661023378496
0.1304672526601
0.10452052813319
0.02649626633416
0.067334671529807
0.15165673395529
0.25718263530862
0.057851841569224
0.16423703792982
0.0550357293735
0.091192930588655
0.071660429769334
0.046730195040588
0.061085304857507
0.28739954428301
0.066278534377197
0.1660121189171
0.13200257813017
0.127514665951
0.015197884769741

Preliminary observations Rao3 Trial=10
0.15962685213806,10,bernoulli
0.18213199266396,10,chebyshev
0.15145051694198,10,circle
0.17143372380245,10,gauss
0.1728575551544,10,logistic
0.17318124291853,10,sine
0.171760873563,10,singer
0.76502876968313,10,sinu
0.12944100629004,20,bernoulli
0.17354846357912,20,chebyshev
0.13937697642936,20,circle
0.1286029884234,20,gauss
0.14396865266357,20,logistic
0.12794483493102,20,sine
0.15203524064843,20,singer
0.45390973656419,20,sinu
0.12808132224689,30,bernoulli
0.16259618775292,30,chebyshev
0.12264762669142,30,circle
0.12541657140559,30,gauss
0.13899737380985,30,logistic
0.13462836192357,30,sine
0.13505444395112,30,singer
0.29192318926197,30,sinu
0.1303372764668,40,bernoulli
0.13928341885769,40,chebyshev
0.11823841036136,40,circle
0.11506302276262,40,gauss
0.12802644926326,40,logistic
0.12582044168001,40,sine
0.12723044482231,40,singer
0.32611835159252,40,sinu
0.11808295628165,50,bernoulli
0.13152084255989,50,chebyshev
0.12041833133586,50,circle
0.12341767240961,50,gauss
0.13677118864004,50,logistic
0.11835045307594,50,sine
0.12910460643011,50,singer
0.34409212547341,50,sinu
0.11626610632956,60,bernoulli
0.14533031765033,60,chebyshev
0.10717621969495,60,circle
0.1155577766677,60,gauss
0.11867341957058,60,logistic
0.12772771576513,60,sine
0.13204287723738,60,singer
0.20687742491273,60,sinu
0.12456262730394,70,bernoulli
0.14685577941973,70,chebyshev
0.10695648281858,70,circle
0.10624605907566,70,gauss
0.11930088394615,70,logistic
0.11149279504155,70,sine
0.12566549446726,70,singer
0.25698169400447,70,sinu
0.10902444683646,80,bernoulli
0.14328660251447,80,chebyshev
0.10074755712001,80,circle
0.10527407025792,80,gauss
0.12020209270667,80,logistic
0.11416235291412,80,sine
0.1192784911931,80,singer
0.22697968068738,80,sinu
0.11110723245747,90,bernoulli
0.13649315400697,90,chebyshev
0.10607890987094,90,circle
0.10548164213038,90,gauss
0.11461509518681,90,logistic
0.11721704458834,90,sine
0.12168243445934,90,singer
0.32106472381771,90,sinu
0.10135531989937,100,bernoulli
0.12971253745652,100,chebyshev
0.10532306427596,100,circle
0.10296391338138,100,gauss
0.10838718222084,100,logistic
0.11848015435835,100,sine
0.1085687982496,100,singer
0.1931426950615,100,sinu

p=10 CRao 3 Circle trials = 30
0.2350650436241
0.18987058965105
0.13932699416161
0.1305567403615
0.082755596878297
0.06876550328461
0.12545105939777
0.33667423325734
0.097135632233872
0.18878785694266
0.1830396204916
0.090444072842281
0.069511717398399
0.077888225436258
0.070243374098538
0.45473065109374
0.11243629958469
0.20374497961792
0.27813697686409
0.16801579307753
0.083964687535335

p=20 CRao 3 Circle trials = 30
0.22020151493196
0.19605654744498
0.13676694366184
0.11570853325772
0.066724365240347
0.072449623587943
0.13303999360023
0.29790274648742
0.054714944902933
0.19339854610222
0.13597834494075
0.084881755879742
0.057592785003131
0.060547651517329
0.053057988188041
0.35549623432425
0.097277631704074
0.17576834501966
0.2358160661737
0.13419957787802
0.060058167567803

p=30 CRao 3 Circle trials = 30
0.15905982091217
0.18336379591979
0.14833445327541
0.11139429167052
0.065857097788015
0.029703644518875
0.12356871177783
0.30511932028625
0.07680720568279
0.20160559811616
0.071611873011641
0.10673220344034
0.050362046577817
0.064153079625932
0.07812261354016
0.31711242973893
0.070256015797533
0.18063045804419
0.20383561393523
0.15739285577449
0.039101242100344

p=40 CRao 3 Circle trials = 30
0.15282706612349
0.19870705028555
0.16035539050454
0.13169604351779
0.057522239405003
0.058939852762677
0.15012457536678
0.25183260794971
0.061939213216334
0.19186199071585
0.081153880575386
0.11019862725755
0.059109665468757
0.053001072697288
0.045051684167312
0.34832696373277
0.090899373604749
0.1631707365333
0.16883561651366
0.15397289652093
0.030746618280105

p=50 CRao 3 Circle trials = 30
0.14613747421362
0.16902226512612
0.13928086574894
0.096376427694366
0.060047129209579
0.074038170895662
0.12306672970829
0.23690197047623
0.066801325110234
0.15102831997179
0.10842727045522
0.095766148791093
0.046507150887688
0.048166615031402
0.064791232336315
0.30043127090653
0.091382780839325
0.16408285935764
0.17016025925642
0.13148435606553
0.028138537493547

p=60 CRao 3 Circle trials = 30
0.12783830610144
0.17804791231778
0.13024294377481
0.12255799591709
0.053162602592753
0.0592243196743
0.14547500943108
0.25421587151419
0.0567916144729
0.17026762106493
0.05236147852083
0.10144884599037
0.073518325737318
0.054612387632794
0.043888790698382
0.27269486145808
0.092184745943641
0.18026371765255
0.16115328413485
0.11405381087064
0.038826135654169

p=70 CRao 3 Circle trials = 30

0.13765037256834
0.1512010260312
0.14197392463463
0.10526619690897
0.065222246907769
0.052410325270429
0.1292791622288
0.3056234233958
0.066577563279054
0.16283915120218
0.077995977156199
0.10626156541205
0.052054105304187
0.048115633732838
0.065477068356884
0.30483430716559
0.07920503285613
0.14305762572837
0.16427177514596
0.13756353737698
0.020328351078618

p=80 CRao 3 Circle trials = 30
0.14963687946533
0.16374061920158
0.14670547135501
0.10042336678941
0.057160718821006
0.059570053660906
0.13433321594829
0.24919692358725
0.063360545930287
0.16932323592584
0.063335966794163
0.09209079363859
0.064603275174065
0.048080267660744
0.057376618447915
0.25986439615978
0.069838009877429
0.16436571350824
0.16852229371372
0.11557162883247
0.02570243362031

p=90 CRao 3 Circle trials = 30
0.17055673299522
0.16814869701386
0.13210500546695
0.095843262538153
0.039836236867757
0.046045242105507
0.1579846815003
0.22455712282519
0.067361797176112
0.16656468160041
0.063132258767027
0.091561477671398
0.046399033721627
0.05283372469232
0.031590060874223
0.26933188697018
0.068912902135224
0.17044370950372
0.15095255789885
0.12259174797616
0.015899900111641

p=100 CRao 3 Circle trials = 30
0.12093141552424
0.17290541185258
0.13292552948261
0.10886746091255
0.042214276932089
0.08519823703918
0.16892997379308
0.21443171134129
0.050149786321825
0.15421940635433
0.042156699360362
0.096881035848256
0.066663405051951
0.051705630485234
0.075558042180656
0.23999522367835
0.06918652912038
0.16700613021143
0.15970318270257
0.12087391425545
0.021512224279867

p=10 CRAO1 Bernoulli Trials=30
0.18282863595832
0.17053555590553
0.17600008528789
0.14838193247792
0.064980605852689
0.02765387088229
0.14656068103741
0.33499289351649
0.093073671442909
0.18167461235146
0.11916140982905
0.076549060935996
0.078904245681361
0.068041953054419
0.056338883766681
0.41254697323298
0.13161435786309
0.1781084616734
0.29783803782789
0.16852298944148
0.093848580420335

p=20 CRAO1 Bernoulli Trials=30
0.14871344195991
0.16767994726833
0.14221060854552
0.10779990381305
0.069500166645668
0.074152810412727
0.1309536881399
0.31151889797945
0.08307205523765
0.16752554679352
0.0926378878018
0.10243996366853
0.062707346477904
0.056452580209033
0.038146850768566
0.3721306981588
0.089551088295138
0.15881159128021
0.18511370307678
0.12929212283905
0.070183713289026

p=30 CRAO1 Bernoulli Trials=30
0.12494506358642
0.17110011918426
0.15525002129322
0.11078630280618
0.054968369848275
0.057356599208518
0.13888119808806
0.2791335176429
0.058113837791431
0.16100763016874
0.094376419067721
0.095868365248329
0.050568253176284
0.055760852365957
0.052929934088816
0.35125884839086
0.099293315695412
0.15951156511599
0.17738327382172
0.13724921478769
0.050390057458578

p=40 CRAO1 Bernoulli Trials=30
0.15210112928643
0.18971416191218
0.10313727144451
0.10159577271391
0.054539214666978
0.070724634449562
0.1454346091334
0.26098639885646
0.063099639631737
0.14621265471066
0.075770187362892
0.090501173586333
0.058585301252748
0.057852503650938
0.039927800420152
0.2959153286875
0.0613227312449
0.15894078893469
0.18181984165146
0.11435985634634
0.030337818685005

p=50 CRAO1 Bernoulli Trials=30
0.15454159507114
0.14174333089397
0.12596555937666
0.078029164076398
0.058818451654258
0.059816423915152
0.13215282098818
0.24772231597805
0.058915908499074
0.15050972893273
0.081654452644976
0.077330062710637
0.064371363546663
0.050258189317098
0.027927793475278
0.31447958723986
0.07576602662408
0.18046017636618
0.17559174939943
0.12358546754061
0.033107260154821

p=60 CRAO1 Bernoulli Trials=30
0.1243641610805
0.13173961286132
0.13676360333968
0.096606654440691
0.058520935401656
0.071034478312896
0.1299391863322
0.28650559336616
0.056043492690051
0.14188165428209
0.058892492670068
0.08101542073566
0.060073834436615
0.058945276877019
0.065725718109952
0.25925000833816
0.080625623379873
0.16860526423338
0.16534287029924
0.13230036848818
0.021429897977541

p=70 CRAO1 Bernoulli Trials=30
0.13747133051573
0.13878044719158
0.13232444773049
0.12114811556641
0.057571123453766
0.063233459840902
0.1566601293101
0.2657301232303
0.070527291526766
0.17525575435624
0.063115986472575
0.08962287248103
0.057675476378648
0.052847774837833
0.052508768235207
0.25314917785772
0.061459393625086
0.17054860887235
0.18351463738411
0.12692101759362
0.027592555384459

p=80 CRAO1 Bernoulli Trials=30
0.13006804003854
0.1761041342026
0.13410674191513
0.086543118894014
0.066112240312869
0.055693819352129
0.15281966700445
0.23123518641215
0.067190023201135
0.15069939861366
0.064602176784952
0.073586897672442
0.047953825283884
0.045589911382482
0.070505758668755
0.29559431778831
0.068985466217207
0.15438762553368
0.17551814119797
0.14079198500878
0.015636257616386

p=90 CRAO1 Bernoulli Trials=30
0.1517091560786
0.14167959310335
0.11496607020089
0.12233678948893
0.075992713632793
0.051593450981386
0.16299049769352
0.2125119296068
0.061856375689217
0.15920561344882
0.070063964752066
0.1108190779877
0.046939343095197
0.053883076299236
0.037453439898044
0.23309423435239
0.066290653475939
0.14373974708871
0.153405026581
0.13006980745796
0.014241636564414

p=100 CRAO1 Bernoulli Trials=30
0.13532553225616
0.15238994568807
0.113015131817
0.090656808132337
0.057056848916158
0.053898119014676
0.15945676457289
0.25903621783823
0.056924430024957
0.15830792514407
0.064984503649974
0.084671368335336
0.068184808444482
0.04897608757031
0.086161218539814
0.27434152271663
0.06410867776971
0.16313045544636
0.15298166355235
0.1274011600134
0.0090670033132767
