trials = 10, intial chaos = 0.8, agile

1,7773861242897;10;0,1;bernoulli
1,1833700175135;10;0,1;chebyshev
2,1268286232851;10;0,1;circle
2,6709500280054;10;0,1;gauss
1,1177538500965;10;0,1;logistic
1,1282721593336;10;0,1;sine
1,1682519346617;10;0,1;singer
1,2252762445215;10;0,1;sinu
1,4877446175318;10;0,2;bernoulli
0,83742660823998;10;0,2;chebyshev
1,5292910189036;10;0,2;circle
2,4404538845733;10;0,2;gauss
0,92012193834827;10;0,2;logistic
0,92721626524269;10;0,2;sine
0,63539984414834;10;0,2;singer
0,49897606756798;10;0,2;sinu
1,0933300372442;10;0,3;bernoulli
0,64769090227096;10;0,3;chebyshev
0,98928517333814;10;0,3;circle
2,4658292340926;10;0,3;gauss
0,71652042947676;10;0,3;logistic
0,73482424569494;10;0,3;sine
0,4687601786051;10;0,3;singer
0,31791700174768;10;0,3;sinu
0,86748333849827;10;0,4;bernoulli
0,44951837367536;10;0,4;chebyshev
0,79904275418678;10;0,4;circle
2,4648148116754;10;0,4;gauss
0,55388758714437;10;0,4;logistic
0,51273609668623;10;0,4;sine
0,46186874433471;10;0,4;singer
0,47795341463452;10;0,4;sinu
0,88275237256748;10;0,5;bernoulli
0,35251450853316;10;0,5;chebyshev
0,77607011005789;10;0,5;circle
2,3239830751457;10;0,5;gauss
0,49889790001485;10;0,5;logistic
0,39210905462293;10;0,5;sine
0,37374777594704;10;0,5;singer
0,43789931548992;10;0,5;sinu
0,66651751509149;10;0,6;bernoulli
0,41685110336469;10;0,6;chebyshev
0,69238907662326;10;0,6;circle
2,4914773090826;10;0,6;gauss
0,48129866830754;10;0,6;logistic
0,42305300300647;10;0,6;sine
0,36153468078327;10;0,6;singer
0,27762802266229;10;0,6;sinu
0,63264061257183;10;0,7;bernoulli
0,29850176161648;10;0,7;chebyshev
0,6852402812812;10;0,7;circle
2,588252836935;10;0,7;gauss
0,45086145545862;10;0,7;logistic
0,31286281069258;10;0,7;sine
0,36821379300611;10;0,7;singer
0,23894821787562;10;0,7;sinu
0,4715046303245;10;0,8;bernoulli
0,20796924492326;10;0,8;chebyshev
0,46716907023186;10;0,8;circle
2,6000126510077;10;0,8;gauss
0,31600508590998;10;0,8;logistic
0,29233310463035;10;0,8;sine
0,24567016180253;10;0,8;singer
0,21242185268763;10;0,8;sinu
107,28485093426;10;0,9;bernoulli
107,28528067208;10;0,9;chebyshev
107,28482736289;10;0,9;circle
107,28520666493;10;0,9;gauss
107,28562831067;10;0,9;logistic
107,28334241842;10;0,9;sine
107,25485032869;10;0,9;singer
107,2855845056;10;0,9;sinu
0,65260200556676;20;0,1;bernoulli
0,4725387412918;20;0,1;chebyshev
0,76318289955608;20;0,1;circle
1,8432674461567;20;0,1;gauss
0,42713409716954;20;0,1;logistic
0,54114877496628;20;0,1;sine
0,30719761236941;20;0,1;singer
0,4143543504754;20;0,1;sinu
0,41926164999853;20;0,2;bernoulli
0,1790710776718;20;0,2;chebyshev
0,50766002519901;20;0,2;circle
1,8965488868966;20;0,2;gauss
0,239249432952;20;0,2;logistic
0,37370844146204;20;0,2;sine
0,14813936972794;20;0,2;singer
0,18784572008618;20;0,2;sinu
0,22104414862552;20;0,3;bernoulli
0,17232922277795;20;0,3;chebyshev
0,18183941884683;20;0,3;circle
1,9160821046635;20;0,3;gauss
0,21037905625136;20;0,3;logistic
0,17450735712726;20;0,3;sine
0,10776176045538;20;0,3;singer
0,14221727309621;20;0,3;sinu
0,31196086824363;20;0,4;bernoulli
0,17590268983362;20;0,4;chebyshev
0,24145791441944;20;0,4;circle
1,9743183633442;20;0,4;gauss
0,13875668727191;20;0,4;logistic
0,1876100523436;20;0,4;sine
0,15810640965327;20;0,4;singer
0,15015291654761;20;0,4;sinu
0,28392165546643;20;0,5;bernoulli
0,13778816552494;20;0,5;chebyshev
0,23926542169245;20;0,5;circle
1,9138316106109;20;0,5;gauss
0,11568591757969;20;0,5;logistic
0,13369340331859;20;0,5;sine
0,14020771375433;20;0,5;singer
0,11774471374573;20;0,5;sinu
0,34723628855539;20;0,6;bernoulli
0,15160993995154;20;0,6;chebyshev
0,19518934866621;20;0,6;circle
1,8860542200353;20;0,6;gauss
0,1494929483835;20;0,6;logistic
0,11539824511636;20;0,6;sine
0,18270089259639;20;0,6;singer
0,13746620165668;20;0,6;sinu
0,20931355873372;20;0,7;bernoulli
0,13554586744747;20;0,7;chebyshev
0,19797253138495;20;0,7;circle
1,7255959681887;20;0,7;gauss
0,159711158608;20;0,7;logistic
0,12542843262643;20;0,7;sine
0,13633268619394;20;0,7;singer
0,14732854728863;20;0,7;sinu
0,18742720094084;20;0,8;bernoulli
0,14577655797341;20;0,8;chebyshev
0,15593164215911;20;0,8;circle
1,8548855143805;20;0,8;gauss
0,13867342058499;20;0,8;logistic
0,16237218415343;20;0,8;sine
0,16361066543307;20;0,8;singer
0,14169057145296;20;0,8;sinu
0,16407157598905;20;0,9;bernoulli
0,14946053401196;20;0,9;chebyshev
0,11376308496899;20;0,9;circle
1,9689641176773;20;0,9;gauss
0,13892636016528;20;0,9;logistic
0,15612913355945;20;0,9;sine
0,1470134738151;20;0,9;singer
0,14596209384552;20;0,9;sinu
0,38151080593103;30;0,1;bernoulli
0,14992208158544;30;0,1;chebyshev
0,41381165813332;30;0,1;circle
1,6096452440781;30;0,1;gauss
0,19162803841404;30;0,1;logistic
0,24127563010646;30;0,1;sine
0,21090725390706;30;0,1;singer
0,17786989632046;30;0,1;sinu
0,12653613519651;30;0,2;bernoulli
0,093560185818859;30;0,2;chebyshev
0,15865135163671;30;0,2;circle
1,462834686013;30;0,2;gauss
0,11898552730451;30;0,2;logistic
0,11229511725324;30;0,2;sine
0,12169377767876;30;0,2;singer
0,10775012191852;30;0,2;sinu
0,22833938124983;30;0,3;bernoulli
0,10390429135219;30;0,3;chebyshev
0,19973275417575;30;0,3;circle
1,4769502266457;30;0,3;gauss
0,12937212576231;30;0,3;logistic
0,11908221042082;30;0,3;sine
0,10718495718688;30;0,3;singer
0,12865047980369;30;0,3;sinu
0,14517390644379;30;0,4;bernoulli
0,11221545115783;30;0,4;chebyshev
0,11425838787608;30;0,4;circle
1,6946989820466;30;0,4;gauss
0,10004569799483;30;0,4;logistic
0,096865488071428;30;0,4;sine
0,11342005933737;30;0,4;singer
0,11253031450871;30;0,4;sinu
0,14797021801695;30;0,5;bernoulli
0,14694775731692;30;0,5;chebyshev
0,118310555689;30;0,5;circle
1,6419461416353;30;0,5;gauss
0,11769002132231;30;0,5;logistic
0,11813390191903;30;0,5;sine
0,11864973374134;30;0,5;singer
0,12472990684634;30;0,5;sinu
0,10595708892711;30;0,6;bernoulli
0,12190859176553;30;0,6;chebyshev
0,12691289240046;30;0,6;circle
1,568331856663;30;0,6;gauss
0,14097845390698;30;0,6;logistic
0,12217812087061;30;0,6;sine
0,12998557441891;30;0,6;singer
0,1218819841813;30;0,6;sinu
0,12878248799232;30;0,7;bernoulli
0,13714991190652;30;0,7;chebyshev
0,10368205220094;30;0,7;circle
1,6451210152682;30;0,7;gauss
0,11667972809609;30;0,7;logistic
0,12755111270488;30;0,7;sine
0,13529481791759;30;0,7;singer
0,14688994605546;30;0,7;sinu
0,16264969402129;30;0,8;bernoulli
0,14127932524316;30;0,8;chebyshev
0,10901998472823;30;0,8;circle
1,6422313923992;30;0,8;gauss
0,12930727065207;30;0,8;logistic
0,14190960295249;30;0,8;sine
0,14589909882141;30;0,8;singer
0,13918364919767;30;0,8;sinu
0,1220724151934;30;0,9;bernoulli
0,15656471752416;30;0,9;chebyshev
0,10036847926101;30;0,9;circle
1,5619098777514;30;0,9;gauss
0,13185571935354;30;0,9;logistic
0,14383185027839;30;0,9;sine
0,13444253878679;30;0,9;singer
0,13547382882036;30;0,9;sinu
0,20178660590019;40;0,1;bernoulli
0,12017053197324;40;0,1;chebyshev
0,2532035700671;40;0,1;circle
1,4277817967084;40;0,1;gauss
0,18502336739852;40;0,1;logistic
0,11642178414796;40;0,1;sine
0,10232844936824;40;0,1;singer
0,12421453319566;40;0,1;sinu
0,13308045389382;40;0,2;bernoulli
0,091850400479296;40;0,2;chebyshev
0,14105882816505;40;0,2;circle
1,5481719378466;40;0,2;gauss
0,10173230711931;40;0,2;logistic
0,11477794783586;40;0,2;sine
0,087836866231071;40;0,2;singer
0,11878753060668;40;0,2;sinu
0,13797538740273;40;0,3;bernoulli
0,10061092289072;40;0,3;chebyshev
0,097645024540647;40;0,3;circle
1,5428667832326;40;0,3;gauss
0,10160460592966;40;0,3;logistic
0,092704938259108;40;0,3;sine
0,098401001824634;40;0,3;singer
0,10028932953678;40;0,3;sinu
0,10270550942737;40;0,4;bernoulli
0,10750561466752;40;0,4;chebyshev
0,11479930935189;40;0,4;circle
1,5328603777832;40;0,4;gauss
0,11670810316041;40;0,4;logistic
0,097738150778195;40;0,4;sine
0,11997321974606;40;0,4;singer
0,11122998773194;40;0,4;sinu
0,12532455643659;40;0,5;bernoulli
0,10892369940995;40;0,5;chebyshev
0,10765223012999;40;0,5;circle
1,4041626756041;40;0,5;gauss
0,11482365401642;40;0,5;logistic
0,11604139431187;40;0,5;sine
0,1109587746636;40;0,5;singer
0,11871640965036;40;0,5;sinu
0,097501882047352;40;0,6;bernoulli
0,1251657843031;40;0,6;chebyshev
0,10741982164048;40;0,6;circle
1,558612352844;40;0,6;gauss
0,13109996279268;40;0,6;logistic
0,11324634689442;40;0,6;sine
0,11638008243922;40;0,6;singer
0,11338079443138;40;0,6;sinu
0,1102352427;40;0,7;bernoulli
0,12550634768133;40;0,7;chebyshev
0,10138019887181;40;0,7;circle
1,4095030744909;40;0,7;gauss
0,1350650741547;40;0,7;logistic
0,13070031910164;40;0,7;sine
0,13142650386365;40;0,7;singer
0,14357416244942;40;0,7;sinu
0,10849356192517;40;0,8;bernoulli
0,12888061336575;40;0,8;chebyshev
0,10958316237142;40;0,8;circle
1,3837249486667;40;0,8;gauss
0,12928318858774;40;0,8;logistic
0,12859630733842;40;0,8;sine
0,13311898067296;40;0,8;singer
0,13889933879435;40;0,8;sinu
0,10693244368386;40;0,9;bernoulli
0,14756104740035;40;0,9;chebyshev
0,10475740028773;40;0,9;circle
1,5046760046267;40;0,9;gauss
0,13430651146806;40;0,9;logistic
0,13651298494785;40;0,9;sine
0,1316386856969;40;0,9;singer
0,13515088813352;40;0,9;sinu
0,19061020195329;50;0,1;bernoulli
0,090301296003605;50;0,1;chebyshev
0,14238454587478;50;0,1;circle
1,2253718036969;50;0,1;gauss
0,085350314642745;50;0,1;logistic
0,1158050257441;50;0,1;sine
0,085246484358637;50;0,1;singer
0,07728377497098;50;0,1;sinu
0,14800519822928;50;0,2;bernoulli
0,093814630418441;50;0,2;chebyshev
0,10342782437264;50;0,2;circle
1,3457028336726;50;0,2;gauss
0,093225872791159;50;0,2;logistic
0,088432668134453;50;0,2;sine
0,092922094949233;50;0,2;singer
0,10157248272793;50;0,2;sinu
0,10096896418743;50;0,3;bernoulli
0,09792357155698;50;0,3;chebyshev
0,1027482228162;50;0,3;circle
1,2034151061582;50;0,3;gauss
0,10515647283591;50;0,3;logistic
0,10216403504414;50;0,3;sine
0,096354157487978;50;0,3;singer
0,10662666127318;50;0,3;sinu
0,12588053322252;50;0,4;bernoulli
0,10577458769525;50;0,4;chebyshev
0,096808712844579;50;0,4;circle
1,2817402924215;50;0,4;gauss
0,10702315866429;50;0,4;logistic
0,1351180616753;50;0,4;sine
0,1058472740206;50;0,4;singer
0,10654586944635;50;0,4;sinu
0,10006265556263;50;0,5;bernoulli
0,11634339246026;50;0,5;chebyshev
0,11085657207284;50;0,5;circle
1,3549195954001;50;0,5;gauss
0,12368005223244;50;0,5;logistic
0,10517954798203;50;0,5;sine
0,11255689972519;50;0,5;singer
0,11603722304276;50;0,5;sinu
0,11004594719466;50;0,6;bernoulli
0,12659035769745;50;0,6;chebyshev
0,097410762576725;50;0,6;circle
1,2489911300366;50;0,6;gauss
0,12859225430646;50;0,6;logistic
0,11162523018189;50;0,6;sine
0,11223284210958;50;0,6;singer
0,12689530752435;50;0,6;sinu
0,11009840346534;50;0,7;bernoulli
0,13040145444089;50;0,7;chebyshev
0,10463550174433;50;0,7;circle
1,4120048086532;50;0,7;gauss
0,12364758835211;50;0,7;logistic
0,12259442970478;50;0,7;sine
0,13011767109905;50;0,7;singer
0,12225873485007;50;0,7;sinu
0,10368778333992;50;0,8;bernoulli
0,13020067532189;50;0,8;chebyshev
0,098029946133167;50;0,8;circle
1,4878532202582;50;0,8;gauss
0,13712584975037;50;0,8;logistic
0,12551281997929;50;0,8;sine
0,12797246329017;50;0,8;singer
0,1152909988187;50;0,8;sinu
0,10746107172882;50;0,9;bernoulli
0,14315397136017;50;0,9;chebyshev
0,097283299417994;50;0,9;circle
1,2579592070847;50;0,9;gauss
0,14978107514034;50;0,9;logistic
0,13317866150282;50;0,9;sine
0,13823159003755;50;0,9;singer
0,13527678836702;50;0,9;sinu
0,16594815468549;60;0,1;bernoulli
0,08831546309293;60;0,1;chebyshev
0,12775300043562;60;0,1;circle
1,3249412823055;60;0,1;gauss
0,084744612296652;60;0,1;logistic
0,10184893610036;60;0,1;sine
0,084148760582632;60;0,1;singer
0,08970598998025;60;0,1;sinu
0,091909500070742;60;0,2;bernoulli
0,094434837942546;60;0,2;chebyshev
0,088372987164458;60;0,2;circle
1,2548724793248;60;0,2;gauss
0,087402757460797;60;0,2;logistic
0,090848762542092;60;0,2;sine
0,10163000820568;60;0,2;singer
0,11080827481746;60;0,2;sinu
0,10293063647596;60;0,3;bernoulli
0,1084348590264;60;0,3;chebyshev
0,09906898021053;60;0,3;circle
1,3337725449164;60;0,3;gauss
0,096367069259451;60;0,3;logistic
0,10769301754842;60;0,3;sine
0,10517540768508;60;0,3;singer
0,096448604632299;60;0,3;sinu
0,096173036699141;60;0,4;bernoulli
0,10338275831011;60;0,4;chebyshev
0,10384047667363;60;0,4;circle
1,2180580862716;60;0,4;gauss
0,099415335593028;60;0,4;logistic
0,10340706319056;60;0,4;sine
0,12213966943465;60;0,4;singer
0,10342603090173;60;0,4;sinu
0,093573439036975;60;0,5;bernoulli
0,12478672054833;60;0,5;chebyshev
0,10704251392763;60;0,5;circle
1,2098138516694;60;0,5;gauss
0,11069079654736;60;0,5;logistic
0,11611260175167;60;0,5;sine
0,11685999808853;60;0,5;singer
0,12152572863075;60;0,5;sinu
0,10945580265432;60;0,6;bernoulli
0,12083635194284;60;0,6;chebyshev
0,092012565914218;60;0,6;circle
1,357364313585;60;0,6;gauss
0,11343455402856;60;0,6;logistic
0,12472759624431;60;0,6;sine
0,12054400497455;60;0,6;singer
0,1166684065818;60;0,6;sinu
0,10531028754131;60;0,7;bernoulli
0,12768936813163;60;0,7;chebyshev
0,098364886203002;60;0,7;circle
1,2755854267532;60;0,7;gauss
0,12559215308369;60;0,7;logistic
0,12240935163851;60;0,7;sine
0,12336775639974;60;0,7;singer
0,12491536480919;60;0,7;sinu
0,099023161880773;60;0,8;bernoulli
0,12463771941091;60;0,8;chebyshev
0,097291950469214;60;0,8;circle
1,1519663616331;60;0,8;gauss
0,12398960075208;60;0,8;logistic
0,12111520696464;60;0,8;sine
0,12790327381237;60;0,8;singer
0,12139291209128;60;0,8;sinu
0,10378281849333;60;0,9;bernoulli
0,13132813219333;60;0,9;chebyshev
0,10144525824962;60;0,9;circle
1,2277019609278;60;0,9;gauss
0,12159464057005;60;0,9;logistic
0,12961501786803;60;0,9;sine
0,13443622456388;60;0,9;singer
0,12892513332474;60;0,9;sinu
0,11183894163115;70;0,1;bernoulli
0,083805962451269;70;0,1;chebyshev
0,085079115026839;70;0,1;circle
1,1294235554673;70;0,1;gauss
0,10457388821743;70;0,1;logistic
0,08021172043601;70;0,1;sine
0,0887392931016;70;0,1;singer
0,082156526012535;70;0,1;sinu
0,091993311319221;70;0,2;bernoulli
0,094576320560723;70;0,2;chebyshev
0,10323036073171;70;0,2;circle
1,1127413165852;70;0,2;gauss
0,098634787753991;70;0,2;logistic
0,098049130539896;70;0,2;sine
0,10412423080625;70;0,2;singer
0,10061270098756;70;0,2;sinu
0,095595931998505;70;0,3;bernoulli
0,093572947765881;70;0,3;chebyshev
0,090615232652102;70;0,3;circle
1,1426508521026;70;0,3;gauss
0,099523788404069;70;0,3;logistic
0,093395745869416;70;0,3;sine
0,10217985034674;70;0,3;singer
0,099383007631161;70;0,3;sinu
0,09379313905319;70;0,4;bernoulli
0,10916640888868;70;0,4;chebyshev
0,10052863447856;70;0,4;circle
1,1196893370061;70;0,4;gauss
0,11394460384373;70;0,4;logistic
0,10873291484641;70;0,4;sine
0,11560729748359;70;0,4;singer
0,11081696308709;70;0,4;sinu
0,10762393166675;70;0,5;bernoulli
0,1211541522697;70;0,5;chebyshev
0,090135006324099;70;0,5;circle
1,1661304414424;70;0,5;gauss
0,11454607635392;70;0,5;logistic
0,11364363630649;70;0,5;sine
0,11870983291377;70;0,5;singer
0,12516521161662;70;0,5;sinu
0,10918313054713;70;0,6;bernoulli
0,12755787632729;70;0,6;chebyshev
0,10468872586981;70;0,6;circle
1,2736762534522;70;0,6;gauss
0,13628543577884;70;0,6;logistic
0,11938420724752;70;0,6;sine
0,11903981279262;70;0,6;singer
0,10668040855228;70;0,6;sinu
0,10486327264633;70;0,7;bernoulli
0,12959324611433;70;0,7;chebyshev
0,099244222090248;70;0,7;circle
1,1620876030573;70;0,7;gauss
0,12656214721654;70;0,7;logistic
0,11864829063876;70;0,7;sine
0,12165406469916;70;0,7;singer
0,11535232167052;70;0,7;sinu
0,09389425394188;70;0,8;bernoulli
0,12453979027958;70;0,8;chebyshev
0,097366748231122;70;0,8;circle
1,087224068035;70;0,8;gauss
0,12491773178559;70;0,8;logistic
0,12482426300869;70;0,8;sine
0,12572024041228;70;0,8;singer
0,11402510606796;70;0,8;sinu
0,1026156080835;70;0,9;bernoulli
0,1357024233939;70;0,9;chebyshev
0,098679889715178;70;0,9;circle
1,2230066826107;70;0,9;gauss
0,13091035894452;70;0,9;logistic
0,13006469910691;70;0,9;sine
0,13721658181089;70;0,9;singer
0,13091707388299;70;0,9;sinu
0,087198177731637;80;0,1;bernoulli
0,093321869594983;80;0,1;chebyshev
0,095832994635548;80;0,1;circle
1,1219538555514;80;0,1;gauss
0,093552660020852;80;0,1;logistic
0,091320127093399;80;0,1;sine
0,087617406471278;80;0,1;singer
0,092251116384113;80;0,1;sinu
0,096374470390682;80;0,2;bernoulli
0,10533804807669;80;0,2;chebyshev
0,093511243250664;80;0,2;circle
1,172388739159;80;0,2;gauss
0,10115602790192;80;0,2;logistic
0,092743946150472;80;0,2;sine
0,099775292520517;80;0,2;singer
0,099819358571179;80;0,2;sinu
0,09811245842631;80;0,3;bernoulli
0,10343357317231;80;0,3;chebyshev
0,096982746037289;80;0,3;circle
1,03111718906;80;0,3;gauss
0,10367056518175;80;0,3;logistic
0,099209695861587;80;0,3;sine
0,10437424332227;80;0,3;singer
0,10159041042296;80;0,3;sinu
0,098046118987966;80;0,4;bernoulli
0,1082795762544;80;0,4;chebyshev
0,094112802687384;80;0,4;circle
1,0504815354461;80;0,4;gauss
0,11378179191155;80;0,4;logistic
0,1074362925972;80;0,4;sine
0,11466344300268;80;0,4;singer
0,10545809666794;80;0,4;sinu
0,096969582437351;80;0,5;bernoulli
0,10954290392733;80;0,5;chebyshev
0,10071055105795;80;0,5;circle
1,1006610643655;80;0,5;gauss
0,12283409754044;80;0,5;logistic
0,11238968695501;80;0,5;sine
0,11641108961574;80;0,5;singer
0,12039651896588;80;0,5;sinu
0,096743445406129;80;0,6;bernoulli
0,11750311515356;80;0,6;chebyshev
0,094652218848568;80;0,6;circle
1,2685042694055;80;0,6;gauss
0,11516407319825;80;0,6;logistic
0,12823290238532;80;0,6;sine
0,12443456354976;80;0,6;singer
0,12787537567295;80;0,6;sinu
0,097031504690973;80;0,7;bernoulli
0,12975965537685;80;0,7;chebyshev
0,096396256027654;80;0,7;circle
1,1818431548116;80;0,7;gauss
0,12001199068041;80;0,7;logistic
0,12505987928167;80;0,7;sine
0,12432783913429;80;0,7;singer
0,12718761622137;80;0,7;sinu
0,10123813995335;80;0,8;bernoulli
0,12457230875578;80;0,8;chebyshev
0,1002079047222;80;0,8;circle
1,2733568851421;80;0,8;gauss
0,12318644919308;80;0,8;logistic
0,13562026890904;80;0,8;sine
0,12945161196886;80;0,8;singer
0,12351406732143;80;0,8;sinu
0,10058997337098;80;0,9;bernoulli
0,13129083126543;80;0,9;chebyshev
0,10102765775639;80;0,9;circle
1,0776146566283;80;0,9;gauss
0,13122939804077;80;0,9;logistic
0,13581571493138;80;0,9;sine
0,12713292584667;80;0,9;singer
0,14047514746277;80;0,9;sinu
0,099816134495383;90;0,1;bernoulli
0,085508316304076;90;0,1;chebyshev
0,080989422066592;90;0,1;circle
1,1300574372786;90;0,1;gauss
0,087690360884384;90;0,1;logistic
0,089835521067754;90;0,1;sine
0,092474669308212;90;0,1;singer
0,086861834738762;90;0,1;sinu
0,10045741032558;90;0,2;bernoulli
0,091807255591084;90;0,2;chebyshev
0,08804636302349;90;0,2;circle
1,0348841239456;90;0,2;gauss
0,098307072422272;90;0,2;logistic
0,088984219938988;90;0,2;sine
0,097109513144583;90;0,2;singer
0,10137114956671;90;0,2;sinu
0,096385165211878;90;0,3;bernoulli
0,11013596462854;90;0,3;chebyshev
0,10004367214354;90;0,3;circle
1,1210172686944;90;0,3;gauss
0,11171371140416;90;0,3;logistic
0,096774223957511;90;0,3;sine
0,10588290981165;90;0,3;singer
0,10153805787662;90;0,3;sinu
0,10245672862568;90;0,4;bernoulli
0,10896923605599;90;0,4;chebyshev
0,098062665304054;90;0,4;circle
1,1661491128873;90;0,4;gauss
0,10727618327252;90;0,4;logistic
0,115106806008;90;0,4;sine
0,11052523726621;90;0,4;singer
0,10697306352778;90;0,4;sinu
0,10589552430033;90;0,5;bernoulli
0,10661615638834;90;0,5;chebyshev
0,093024491158243;90;0,5;circle
1,118274079987;90;0,5;gauss
0,1193009273366;90;0,5;logistic
0,13725089679119;90;0,5;sine
0,11752713741403;90;0,5;singer
0,11717642049159;90;0,5;sinu
0,098285119906486;90;0,6;bernoulli
0,12291717133441;90;0,6;chebyshev
0,099930427929919;90;0,6;circle
1,085593328988;90;0,6;gauss
0,114840579632;90;0,6;logistic
0,11679517754061;90;0,6;sine
0,11692460716101;90;0,6;singer
0,13004965134642;90;0,6;sinu
0,096158906810674;90;0,7;bernoulli
0,12033962544248;90;0,7;chebyshev
0,10281542077014;90;0,7;circle
1,0977434871419;90;0,7;gauss
0,11654751151759;90;0,7;logistic
0,12099304546513;90;0,7;sine
0,11454378978839;90;0,7;singer
0,11841453773728;90;0,7;sinu
0,1035561864921;90;0,8;bernoulli
0,12365121831477;90;0,8;chebyshev
0,099744713698648;90;0,8;circle
1,1818684627124;90;0,8;gauss
0,1308543221998;90;0,8;logistic
0,12651406045566;90;0,8;sine
0,1327996587471;90;0,8;singer
0,12066965167741;90;0,8;sinu
0,093850493102216;90;0,9;bernoulli
0,12553823020143;90;0,9;chebyshev
0,094796671155928;90;0,9;circle
1,1170603054772;90;0,9;gauss
0,12828858461643;90;0,9;logistic
0,12318662269546;90;0,9;sine
0,11572624068445;90;0,9;singer
0,13101264097853;90;0,9;sinu
0,093908881429527;100;0,1;bernoulli
0,094895359156258;100;0,1;chebyshev
0,10319077575843;100;0,1;circle
1,1504391042285;100;0,1;gauss
0,09341585155426;100;0,1;logistic
0,081235609881496;100;0,1;sine
0,090243772460327;100;0,1;singer
0,089631598970242;100;0,1;sinu
0,099769224523908;100;0,2;bernoulli
0,10344341258273;100;0,2;chebyshev
0,090454014523659;100;0,2;circle
0,94593548816078;100;0,2;gauss
0,092428835030011;100;0,2;logistic
0,10027661670189;100;0,2;sine
0,10029949207294;100;0,2;singer
0,10967432927282;100;0,2;sinu
0,094887587016832;100;0,3;bernoulli
0,11532997792426;100;0,3;chebyshev
0,091441887132693;100;0,3;circle
1,0671049514203;100;0,3;gauss
0,11356024454188;100;0,3;logistic
0,099042975379401;100;0,3;sine
0,11151855425571;100;0,3;singer
0,10882846106136;100;0,3;sinu
0,090391855612146;100;0,4;bernoulli
0,11297056677342;100;0,4;chebyshev
0,099228974307882;100;0,4;circle
1,0386577897473;100;0,4;gauss
0,10660026419772;100;0,4;logistic
0,1082480912889;100;0,4;sine
0,11686254294518;100;0,4;singer
0,11177270575426;100;0,4;sinu
0,097549085668222;100;0,5;bernoulli
0,1151930521515;100;0,5;chebyshev
0,10421362347572;100;0,5;circle
0,98227669952109;100;0,5;gauss
0,11519935777199;100;0,5;logistic
0,1179891560839;100;0,5;sine
0,12188854317265;100;0,5;singer
0,11741051079403;100;0,5;sinu
0,098879769784298;100;0,6;bernoulli
0,12305763679423;100;0,6;chebyshev
0,098394572394817;100;0,6;circle
1,1430967173507;100;0,6;gauss
0,12203391784978;100;0,6;logistic
0,12699460105674;100;0,6;sine
0,11338182064435;100;0,6;singer
0,12599731972443;100;0,6;sinu
0,10408413087524;100;0,7;bernoulli
0,11825182346375;100;0,7;chebyshev
0,09610654935369;100;0,7;circle
1,0242769401631;100;0,7;gauss
0,1184818288223;100;0,7;logistic
0,12030797519479;100;0,7;sine
0,12591487037784;100;0,7;singer
0,11356753067829;100;0,7;sinu
0,096303218940574;100;0,8;bernoulli
0,11531379695658;100;0,8;chebyshev
0,1060826948646;100;0,8;circle
1,0265903548183;100;0,8;gauss
0,11787736182777;100;0,8;logistic
0,13018905137919;100;0,8;sine
0,12504577741132;100;0,8;singer
0,12072626155221;100;0,8;sinu
0,10535032087809;100;0,9;bernoulli
0,11818016547515;100;0,9;chebyshev
0,096385054536914;100;0,9;circle
1,0159414647885;100;0,9;gauss
0,12642781763598;100;0,9;logistic
0,13145351366524;100;0,9;sine
0,12523600491646;100;0,9;singer
0,1249929039056;100;0,9;sinu

trials  = 10, initial chaos = random, agile
2.6139731693802,10,0.1,bernoulli
1.00684642638,10,0.1,chebyshev
1.1284381476196,10,0.1,circle
2.0475016183096,10,0.1,gauss
2.4598462056893,10,0.1,logistic
1.4405564121209,10,0.1,sine
2.2757338814785,10,0.1,singer
1.3895240249201,10,0.1,sinu
0.87913470428526,10,0.2,bernoulli
0.61543753809828,10,0.2,chebyshev
1.0525810363649,10,0.2,circle
0.97143694067509,10,0.2,gauss
0.8624963257547,10,0.2,logistic
0.80387611389993,10,0.2,sine
0.92185508914981,10,0.2,singer
0.86553597104793,10,0.2,sinu
1.7906804652572,10,0.3,bernoulli
0.44336534609951,10,0.3,chebyshev
0.92001421188381,10,0.3,circle
0.5742396277673,10,0.3,gauss
0.40217803460977,10,0.3,logistic
0.77540323812892,10,0.3,sine
0.78436019585005,10,0.3,singer
0.47069289878126,10,0.3,sinu
0.53927486991097,10,0.4,bernoulli
0.53629075167113,10,0.4,chebyshev
0.51748344120852,10,0.4,circle
0.6908732340588,10,0.4,gauss
0.53505824723216,10,0.4,logistic
0.87203698072125,10,0.4,sine
0.39408279916314,10,0.4,singer
0.34649684136322,10,0.4,sinu
0.39139544270826,10,0.5,bernoulli
0.32789720862477,10,0.5,chebyshev
0.60488668802493,10,0.5,circle
0.64144008369179,10,0.5,gauss
0.41822021784514,10,0.5,logistic
0.40062906767996,10,0.5,sine
0.26102997521319,10,0.5,singer
2.4350380634028,10,0.5,sinu
0.25833207596221,10,0.6,bernoulli
0.29596410069024,10,0.6,chebyshev
0.27773497967709,10,0.6,circle
0.51513544931124,10,0.6,gauss
0.35264256440229,10,0.6,logistic
0.38158461926798,10,0.6,sine
0.18042283231995,10,0.6,singer
0.29056468223571,10,0.6,sinu
0.37478772830512,10,0.7,bernoulli
0.30435536829433,10,0.7,chebyshev
0.37825474741887,10,0.7,circle
0.54073715385595,10,0.7,gauss
0.33075660506019,10,0.7,logistic
0.429967086,10,0.7,sine
0.41238330102339,10,0.7,singer
1.7699882867748,10,0.7,sinu
0.58631487250357,10,0.8,bernoulli
0.20514157851732,10,0.8,chebyshev
0.30982696533113,10,0.8,circle
0.46425949398756,10,0.8,gauss
0.29719586875968,10,0.8,logistic
0.73421028219221,10,0.8,sine
0.68308130017539,10,0.8,singer
0.31139384194622,10,0.8,sinu
107.28557950628,10,0.9,bernoulli
107.25495766742,10,0.9,chebyshev
107.26524758961,10,0.9,circle
107.28497053622,10,0.9,gauss
107.28564645069,10,0.9,logistic
107.2200739994,10,0.9,sine
107.28563068083,10,0.9,singer
107.28566672846,10,0.9,sinu
0.45656552310001,20,0.1,bernoulli
0.3912703690887,20,0.1,chebyshev
1.1866960065475,20,0.1,circle
0.83496350436735,20,0.1,gauss
0.36166215629636,20,0.1,logistic
0.88982353971521,20,0.1,sine
0.45592729341198,20,0.1,singer
1.713425457566,20,0.1,sinu
0.10308085208649,20,0.2,bernoulli
0.1826689114774,20,0.2,chebyshev
0.39789052375237,20,0.2,circle
0.20601573416748,20,0.2,gauss
0.31857047018304,20,0.2,logistic
0.1783980400937,20,0.2,sine
0.23153338726593,20,0.2,singer
1.8809358973843,20,0.2,sinu
0.11628530314864,20,0.3,bernoulli
0.17428046793849,20,0.3,chebyshev
0.20622001974149,20,0.3,circle
0.41955170281598,20,0.3,gauss
0.36471689303412,20,0.3,logistic
0.95268580565964,20,0.3,sine
0.15656858581848,20,0.3,singer
1.7165023638439,20,0.3,sinu
0.1296254367725,20,0.4,bernoulli
0.14015946233409,20,0.4,chebyshev
0.1763276104289,20,0.4,circle
0.15251529609792,20,0.4,gauss
0.133252418437,20,0.4,logistic
0.13576983306557,20,0.4,sine
0.11134789787142,20,0.4,singer
0.8475185112351,20,0.4,sinu
0.23139350469448,20,0.5,bernoulli
0.10902189489875,20,0.5,chebyshev
0.17373886585128,20,0.5,circle
0.12957409730719,20,0.5,gauss
0.1876934843385,20,0.5,logistic
0.18306361962244,20,0.5,sine
0.14664743630168,20,0.5,singer
1.4554314480803,20,0.5,sinu
0.11865536092572,20,0.6,bernoulli
0.12162530378783,20,0.6,chebyshev
0.197544814103,20,0.6,circle
0.4860297377013,20,0.6,gauss
0.15801465222386,20,0.6,logistic
0.33166152555524,20,0.6,sine
0.1387885430071,20,0.6,singer
0.14391637270707,20,0.6,sinu
0.11927303952742,20,0.7,bernoulli
0.17324693075084,20,0.7,chebyshev
0.14226668405563,20,0.7,circle
0.10726947972945,20,0.7,gauss
0.1326234206418,20,0.7,logistic
0.12688130216301,20,0.7,sine
0.14720166661271,20,0.7,singer
1.9317343764235,20,0.7,sinu
0.32305646782936,20,0.8,bernoulli
0.13947043098909,20,0.8,chebyshev
0.27741246005478,20,0.8,circle
0.19701744150675,20,0.8,gauss
0.27791721145783,20,0.8,logistic
0.1360883942267,20,0.8,sine
0.13848578816658,20,0.8,singer
1.6549313803918,20,0.8,sinu
0.14550421375824,20,0.9,bernoulli
0.14431790729695,20,0.9,chebyshev
0.15090387543692,20,0.9,circle
0.12478167782121,20,0.9,gauss
0.15471690089746,20,0.9,logistic
0.117418652511,20,0.9,sine
0.14686669145621,20,0.9,singer
1.9181209170868,20,0.9,sinu
0.19565016878223,30,0.1,bernoulli
0.14653454040107,30,0.1,chebyshev
0.37550136707198,30,0.1,circle
0.28203569818934,30,0.1,gauss
0.2377313202538,30,0.1,logistic
0.28259129205998,30,0.1,sine
0.17183904196195,30,0.1,singer
1.6068811823798,30,0.1,sinu
0.097282415507259,30,0.2,bernoulli
0.14128134718435,30,0.2,chebyshev
0.12511998705905,30,0.2,circle
0.16219381973701,30,0.2,gauss
0.13805602876057,30,0.2,logistic
0.30104507629447,30,0.2,sine
0.45700336881987,30,0.2,singer
1.7020027810425,30,0.2,sinu
0.097463924046535,30,0.3,bernoulli
0.099155126015839,30,0.3,chebyshev
0.1805623081241,30,0.3,circle
0.18210400824649,30,0.3,gauss
0.19588370908922,30,0.3,logistic
0.36808412567895,30,0.3,sine
0.33063693767184,30,0.3,singer
1.5528456359624,30,0.3,sinu
0.103450571798,30,0.4,bernoulli
0.099648568905316,30,0.4,chebyshev
0.18159148052013,30,0.4,circle
0.28385411527945,30,0.4,gauss
0.11841039039507,30,0.4,logistic
0.10735712980128,30,0.4,sine
0.10511520292049,30,0.4,singer
0.40144849647174,30,0.4,sinu
0.10831609224519,30,0.5,bernoulli
0.11049223650276,30,0.5,chebyshev
0.11523231752561,30,0.5,circle
0.1337942074735,30,0.5,gauss
0.12248240516283,30,0.5,logistic
0.1434350033491,30,0.5,sine
0.1276487577771,30,0.5,singer
0.11618084413489,30,0.5,sinu
0.096010432918541,30,0.6,bernoulli
0.13156148099414,30,0.6,chebyshev
0.12131527353253,30,0.6,circle
0.10108520838306,30,0.6,gauss
0.11186465924618,30,0.6,logistic
0.12537402860492,30,0.6,sine
0.13528044154998,30,0.6,singer
0.13788071470316,30,0.6,sinu
0.13851879150695,30,0.7,bernoulli
0.13092056136905,30,0.7,chebyshev
0.22938894754652,30,0.7,circle
0.12342652190341,30,0.7,gauss
0.11591856905322,30,0.7,logistic
0.1131217437579,30,0.7,sine
0.12319087631808,30,0.7,singer
0.15726171913545,30,0.7,sinu
0.23914173615399,30,0.8,bernoulli
0.13832634164153,30,0.8,chebyshev
0.11589767938191,30,0.8,circle
0.11775723465034,30,0.8,gauss
0.26426296307435,30,0.8,logistic
0.11673132498092,30,0.8,sine
0.13238679867226,30,0.8,singer
1.6270824435644,30,0.8,sinu
0.14626773773812,30,0.9,bernoulli
0.1397534660033,30,0.9,chebyshev
0.13830936395741,30,0.9,circle
0.11616153048633,30,0.9,gauss
0.13424586463203,30,0.9,logistic
0.2109436764959,30,0.9,sine
0.13185390714839,30,0.9,singer
1.24525781741,30,0.9,sinu
0.13196184427793,40,0.1,bernoulli
0.090010247537265,40,0.1,chebyshev
0.2023776360662,40,0.1,circle
0.11631285462788,40,0.1,gauss
0.25922616925386,40,0.1,logistic
0.68119629935978,40,0.1,sine
0.10445251359306,40,0.1,singer
1.4063256327405,40,0.1,sinu
0.64528932967157,40,0.2,bernoulli
0.080632629756863,40,0.2,chebyshev
0.10132414931442,40,0.2,circle
0.091691477001137,40,0.2,gauss
0.10348045718028,40,0.2,logistic
0.10929389460823,40,0.2,sine
0.096126671413083,40,0.2,singer
1.6574231792945,40,0.2,sinu
0.092879829268173,40,0.3,bernoulli
0.098826754027624,40,0.3,chebyshev
0.12119873171983,40,0.3,circle
0.093570430082495,40,0.3,gauss
0.10925386726689,40,0.3,logistic
0.13072363606685,40,0.3,sine
0.091953433462176,40,0.3,singer
1.398736250726,40,0.3,sinu
0.10466350525059,40,0.4,bernoulli
0.1258197371575,40,0.4,chebyshev
0.098109796362193,40,0.4,circle
0.10336953136659,40,0.4,gauss
0.10335934933994,40,0.4,logistic
0.13295793282029,40,0.4,sine
0.11407663395251,40,0.4,singer
0.096101457750214,40,0.4,sinu
0.10482070017541,40,0.5,bernoulli
0.11922645113126,40,0.5,chebyshev
0.11692133861533,40,0.5,circle
0.11092350151708,40,0.5,gauss
0.1054526399758,40,0.5,logistic
0.10296229630389,40,0.5,sine
0.10988813594138,40,0.5,singer
0.11444880698729,40,0.5,sinu
0.10605586694297,40,0.6,bernoulli
0.1255536369557,40,0.6,chebyshev
0.099850044395036,40,0.6,circle
0.12359459869554,40,0.6,gauss
0.11900302029287,40,0.6,logistic
0.10749243653174,40,0.6,sine
0.11618271107392,40,0.6,singer
0.11840252591228,40,0.6,sinu
0.12705620003519,40,0.7,bernoulli
0.12846631585293,40,0.7,chebyshev
0.11113011228422,40,0.7,circle
0.12384146443549,40,0.7,gauss
0.21502769735292,40,0.7,logistic
0.12105359291998,40,0.7,sine
0.12237648285899,40,0.7,singer
0.1698168650273,40,0.7,sinu
0.10287983270477,40,0.8,bernoulli
0.13265961335873,40,0.8,chebyshev
0.10762113396309,40,0.8,circle
0.21228617199372,40,0.8,gauss
0.10794024619182,40,0.8,logistic
0.1313080663851,40,0.8,sine
0.1307990794361,40,0.8,singer
1.3978781954132,40,0.8,sinu
0.12140402660604,40,0.9,bernoulli
0.13608398533381,40,0.9,chebyshev
0.10008135041782,40,0.9,circle
0.10156215149949,40,0.9,gauss
0.12777937999353,40,0.9,logistic
0.12873195602403,40,0.9,sine
0.12356688009792,40,0.9,singer
0.12230382493725,40,0.9,sinu
0.091885908274855,50,0.1,bernoulli
0.084033600695999,50,0.1,chebyshev
0.19597329511161,50,0.1,circle
0.11389709769,50,0.1,gauss
0.13914461737452,50,0.1,logistic
0.19087630963312,50,0.1,sine
0.13001899934031,50,0.1,singer
1.3434210931769,50,0.1,sinu
0.092300312113472,50,0.2,bernoulli
0.099634475076718,50,0.2,chebyshev
0.18274570374481,50,0.2,circle
0.20911282131404,50,0.2,gauss
0.10037983611444,50,0.2,logistic
0.081809464901583,50,0.2,sine
0.088276936268352,50,0.2,singer
0.10252525390078,50,0.2,sinu
0.089605500886277,50,0.3,bernoulli
0.10340231214462,50,0.3,chebyshev
0.086000391973281,50,0.3,circle
0.11066066621945,50,0.3,gauss
0.23656061714599,50,0.3,logistic
0.14140055006729,50,0.3,sine
0.1019057105315,50,0.3,singer
0.097265650069813,50,0.3,sinu
0.1014627769681,50,0.4,bernoulli
0.096288627362135,50,0.4,chebyshev
0.11021612882336,50,0.4,circle
0.10509271259782,50,0.4,gauss
0.10321811949173,50,0.4,logistic
0.10502584311093,50,0.4,sine
0.10867018296618,50,0.4,singer
1.3483974934356,50,0.4,sinu
0.10540341173566,50,0.5,bernoulli
0.12477834511249,50,0.5,chebyshev
0.097800293814845,50,0.5,circle
0.11814465398049,50,0.5,gauss
0.10797362756956,50,0.5,logistic
0.11716386526373,50,0.5,sine
0.12667807661517,50,0.5,singer
1.489256876277,50,0.5,sinu
0.11410406751004,50,0.6,bernoulli
0.12190353978508,50,0.6,chebyshev
0.095397280584811,50,0.6,circle
0.11013691029676,50,0.6,gauss
0.099695889160984,50,0.6,logistic
0.11544440165524,50,0.6,sine
0.10717212548312,50,0.6,singer
1.3009028441109,50,0.6,sinu
0.12187204901848,50,0.7,bernoulli
0.13246251422545,50,0.7,chebyshev
0.11399635912195,50,0.7,circle
0.11947249591849,50,0.7,gauss
0.12315239734773,50,0.7,logistic
0.10791195785532,50,0.7,sine
0.12161763440683,50,0.7,singer
0.14730279737304,50,0.7,sinu
0.10016553692182,50,0.8,bernoulli
0.1297130920244,50,0.8,chebyshev
0.097673279608543,50,0.8,circle
0.10186880894348,50,0.8,gauss
0.11088197554519,50,0.8,logistic
0.10619623648663,50,0.8,sine
0.11676000593442,50,0.8,singer
1.1950577849742,50,0.8,sinu
0.11355422224679,50,0.9,bernoulli
0.14178194232922,50,0.9,chebyshev
0.10346996957508,50,0.9,circle
0.11526062638755,50,0.9,gauss
0.11768868801803,50,0.9,logistic
0.11086928789778,50,0.9,sine
0.13524963614764,50,0.9,singer
1.207022389252,50,0.9,sinu
0.1186711625419,60,0.1,bernoulli
0.087261303614827,60,0.1,chebyshev
0.098014481287362,60,0.1,circle
0.16112533033674,60,0.1,gauss
0.11835275592791,60,0.1,logistic
0.090934138881297,60,0.1,sine
0.077311900556626,60,0.1,singer
1.2675397807132,60,0.1,sinu
0.17343821019303,60,0.2,bernoulli
0.088971357288453,60,0.2,chebyshev
0.088548018024199,60,0.2,circle
0.10668442731083,60,0.2,gauss
0.090080892146811,60,0.2,logistic
0.10150416297931,60,0.2,sine
0.10078639382278,60,0.2,singer
0.096072313637264,60,0.2,sinu
0.094087358610745,60,0.3,bernoulli
0.10538700384868,60,0.3,chebyshev
0.090994941977511,60,0.3,circle
0.10658884156992,60,0.3,gauss
0.09952481148518,60,0.3,logistic
0.097989389736126,60,0.3,sine
0.097942924511033,60,0.3,singer
0.27555637715648,60,0.3,sinu
0.10542452873826,60,0.4,bernoulli
0.10184296965814,60,0.4,chebyshev
0.11811450468319,60,0.4,circle
0.17753265200063,60,0.4,gauss
0.096184566061623,60,0.4,logistic
0.09831445125731,60,0.4,sine
0.10579896255205,60,0.4,singer
1.2637953225223,60,0.4,sinu
0.11012637634824,60,0.5,bernoulli
0.11454513199976,60,0.5,chebyshev
0.10801701241273,60,0.5,circle
0.10080721218127,60,0.5,gauss
0.11895314203811,60,0.5,logistic
0.10174141310228,60,0.5,sine
0.11303409570323,60,0.5,singer
0.11669660014006,60,0.5,sinu
0.11380949010576,60,0.6,bernoulli
0.11333508484533,60,0.6,chebyshev
0.1167119966392,60,0.6,circle
0.12729476967641,60,0.6,gauss
0.10039681375356,60,0.6,logistic
0.12624604639254,60,0.6,sine
0.12025752172186,60,0.6,singer
1.1980013976205,60,0.6,sinu
0.1044735759957,60,0.7,bernoulli
0.12040647630636,60,0.7,chebyshev
0.12584867565892,60,0.7,circle
0.11152903285826,60,0.7,gauss
0.11012271815175,60,0.7,logistic
0.1325776561084,60,0.7,sine
0.12799144817805,60,0.7,singer
0.11370345270063,60,0.7,sinu
0.12669385441367,60,0.8,bernoulli
0.13133192274735,60,0.8,chebyshev
0.10575184696166,60,0.8,circle
0.12835538112297,60,0.8,gauss
0.1030808230217,60,0.8,logistic
0.1128503214572,60,0.8,sine
0.13101715169296,60,0.8,singer
0.11488279870766,60,0.8,sinu
0.1219817891441,60,0.9,bernoulli
0.13353579048525,60,0.9,chebyshev
0.10529166569497,60,0.9,circle
0.10102379152061,60,0.9,gauss
0.11995972876368,60,0.9,logistic
0.10720377952545,60,0.9,sine
0.12500027072139,60,0.9,singer
0.12941605010084,60,0.9,sinu
0.12540437690114,70,0.1,bernoulli
0.082895014279284,70,0.1,chebyshev
0.093286106160401,70,0.1,circle
0.23597294567792,70,0.1,gauss
0.092336745313282,70,0.1,logistic
0.0888870345574,70,0.1,sine
0.081647609778642,70,0.1,singer
1.2737574199297,70,0.1,sinu
0.086859736857636,70,0.2,bernoulli
0.10407791279663,70,0.2,chebyshev
0.094995752195611,70,0.2,circle
0.10456629641786,70,0.2,gauss
0.097036426111262,70,0.2,logistic
0.090704541118477,70,0.2,sine
0.090105625773274,70,0.2,singer
0.099455360901662,70,0.2,sinu
0.099876663401827,70,0.3,bernoulli
0.10883123486693,70,0.3,chebyshev
0.16300699064577,70,0.3,circle
0.13793089071949,70,0.3,gauss
0.096227833931628,70,0.3,logistic
0.10900000317274,70,0.3,sine
0.10389219899933,70,0.3,singer
0.08608996408082,70,0.3,sinu
0.098920187006814,70,0.4,bernoulli
0.12256648391282,70,0.4,chebyshev
0.098714347850578,70,0.4,circle
0.10667213440192,70,0.4,gauss
0.12733919224244,70,0.4,logistic
0.11237926084428,70,0.4,sine
0.10845194052656,70,0.4,singer
0.11460078595887,70,0.4,sinu
0.10760476811916,70,0.5,bernoulli
0.11664829857402,70,0.5,chebyshev
0.099477380779614,70,0.5,circle
0.11971116246141,70,0.5,gauss
0.10988285897392,70,0.5,logistic
0.16229963441085,70,0.5,sine
0.12375595220954,70,0.5,singer
1.2445797247702,70,0.5,sinu
0.097658026376474,70,0.6,bernoulli
0.13543925501197,70,0.6,chebyshev
0.097428598616664,70,0.6,circle
0.11794208196995,70,0.6,gauss
0.12576312003011,70,0.6,logistic
0.1134586923729,70,0.6,sine
0.11844284035574,70,0.6,singer
0.11866822293286,70,0.6,sinu
0.119682149741,70,0.7,bernoulli
0.12583349556516,70,0.7,chebyshev
0.11648121703764,70,0.7,circle
0.10376467939902,70,0.7,gauss
0.10126197074883,70,0.7,logistic
0.096105029844842,70,0.7,sine
0.12962642504715,70,0.7,singer
1.0873873616047,70,0.7,sinu
0.11896780615312,70,0.8,bernoulli
0.11766458439043,70,0.8,chebyshev
0.10842607298342,70,0.8,circle
0.12223394857149,70,0.8,gauss
0.10038738618797,70,0.8,logistic
0.12480211425075,70,0.8,sine
0.11413054070321,70,0.8,singer
0.1132809029478,70,0.8,sinu
0.10326909414583,70,0.9,bernoulli
0.12809643487356,70,0.9,chebyshev
0.098717245025814,70,0.9,circle
0.11328981736162,70,0.9,gauss
0.13121790543948,70,0.9,logistic
0.11586819228649,70,0.9,sine
0.12204832336302,70,0.9,singer
1.1712366905919,70,0.9,sinu
0.090916422225212,80,0.1,bernoulli
0.085534483323919,80,0.1,chebyshev
0.11548165007726,80,0.1,circle
0.23275330154017,80,0.1,gauss
0.27762541147053,80,0.1,logistic
0.10367318185539,80,0.1,sine
0.081193297795352,80,0.1,singer
0.089914596645783,80,0.1,sinu
0.10401901114615,80,0.2,bernoulli
0.089343723736412,80,0.2,chebyshev
0.087375065732992,80,0.2,circle
0.10494521223253,80,0.2,gauss
0.10403770976867,80,0.2,logistic
0.092490244630516,80,0.2,sine
0.098376754261469,80,0.2,singer
0.1044912200925,80,0.2,sinu
0.11426855514559,80,0.3,bernoulli
0.10192903196874,80,0.3,chebyshev
0.13719914522962,80,0.3,circle
0.11106154247308,80,0.3,gauss
0.10936426573439,80,0.3,logistic
0.10725302227412,80,0.3,sine
0.10659627595306,80,0.3,singer
0.10369372489625,80,0.3,sinu
0.10923291450169,80,0.4,bernoulli
0.11041136142169,80,0.4,chebyshev
0.11344722956573,80,0.4,circle
0.10274494542586,80,0.4,gauss
0.09916491660367,80,0.4,logistic
0.11140200495025,80,0.4,sine
0.10970213697695,80,0.4,singer
0.48946436227373,80,0.4,sinu
0.20290100881073,80,0.5,bernoulli
0.11768889471374,80,0.5,chebyshev
0.10393604615489,80,0.5,circle
0.13401503347099,80,0.5,gauss
0.11565874847479,80,0.5,logistic
0.12335314737213,80,0.5,sine
0.10987763247166,80,0.5,singer
0.11442431138535,80,0.5,sinu
0.1038183758348,80,0.6,bernoulli
0.11861106900111,80,0.6,chebyshev
0.11445093382811,80,0.6,circle
0.099398620415932,80,0.6,gauss
0.11129040701614,80,0.6,logistic
0.11465122595618,80,0.6,sine
0.11677990752287,80,0.6,singer
0.12140933297936,80,0.6,sinu
0.099258948303878,80,0.7,bernoulli
0.12729184206198,80,0.7,chebyshev
0.096813357669977,80,0.7,circle
0.095835527615425,80,0.7,gauss
0.10103801535901,80,0.7,logistic
0.10840029039111,80,0.7,sine
0.11050271376228,80,0.7,singer
1.2022598195116,80,0.7,sinu
0.11922282802348,80,0.8,bernoulli
0.11566589263559,80,0.8,chebyshev
0.10036328050879,80,0.8,circle
0.11779351595073,80,0.8,gauss
0.11214597782555,80,0.8,logistic
0.12394280473984,80,0.8,sine
0.11192620771005,80,0.8,singer
0.94854257885669,80,0.8,sinu
0.15273705887329,80,0.9,bernoulli
0.12999153051057,80,0.9,chebyshev
0.10180639308685,80,0.9,circle
0.11375009525828,80,0.9,gauss
0.1341200975628,80,0.9,logistic
0.12878123298142,80,0.9,sine
0.095606829486829,80,0.9,singer
0.12498997483592,80,0.9,sinu
0.078907297543102,90,0.1,bernoulli
0.093662469470026,90,0.1,chebyshev
0.095427285476144,90,0.1,circle
0.09452656395063,90,0.1,gauss
0.071974856594018,90,0.1,logistic
0.092516299719883,90,0.1,sine
0.089982481637715,90,0.1,singer
0.097080306659759,90,0.1,sinu
0.095102865337096,90,0.2,bernoulli
0.1053509593198,90,0.2,chebyshev
0.13159270766043,90,0.2,circle
0.095545370097685,90,0.2,gauss
0.092097406285248,90,0.2,logistic
0.096751610322083,90,0.2,sine
0.10786984211439,90,0.2,singer
1.1573792923552,90,0.2,sinu
0.14889945054513,90,0.3,bernoulli
0.11508294913537,90,0.3,chebyshev
0.096007310164423,90,0.3,circle
0.1714006289288,90,0.3,gauss
0.094820402276081,90,0.3,logistic
0.099682585272764,90,0.3,sine
0.095913286186379,90,0.3,singer
0.10648969531101,90,0.3,sinu
0.10380482084095,90,0.4,bernoulli
0.096746331880067,90,0.4,chebyshev
0.10683163475116,90,0.4,circle
0.095823873128249,90,0.4,gauss
0.10848498758215,90,0.4,logistic
0.10456274306079,90,0.4,sine
0.11462646449292,90,0.4,singer
0.10608551246047,90,0.4,sinu
0.10908476777058,90,0.5,bernoulli
0.11823104679566,90,0.5,chebyshev
0.10350183066449,90,0.5,circle
0.1469706734261,90,0.5,gauss
0.10586961083379,90,0.5,logistic
0.1158406320744,90,0.5,sine
0.11032098907524,90,0.5,singer
1.1882975749672,90,0.5,sinu
0.10629076281586,90,0.6,bernoulli
0.11623449668839,90,0.6,chebyshev
0.093695522953557,90,0.6,circle
0.097918179861188,90,0.6,gauss
0.098185675787325,90,0.6,logistic
0.1229441667072,90,0.6,sine
0.11079462722817,90,0.6,singer
1.0141508807526,90,0.6,sinu
0.11654946080104,90,0.7,bernoulli
0.11864090077844,90,0.7,chebyshev
0.10328797768161,90,0.7,circle
0.10773444707809,90,0.7,gauss
0.10814575966887,90,0.7,logistic
0.099632407225505,90,0.7,sine
0.10661371411447,90,0.7,singer
0.13628820638837,90,0.7,sinu
0.10910764041355,90,0.8,bernoulli
0.12369452499964,90,0.8,chebyshev
0.094620583175999,90,0.8,circle
0.12517263602314,90,0.8,gauss
0.12472700440927,90,0.8,logistic
0.10329207225487,90,0.8,sine
0.1218545417525,90,0.8,singer
0.96563513134539,90,0.8,sinu
0.11614210928253,90,0.9,bernoulli
0.12564513212782,90,0.9,chebyshev
0.10234121794874,90,0.9,circle
0.11449582971961,90,0.9,gauss
0.12948222905259,90,0.9,logistic
0.11807979278029,90,0.9,sine
0.12805016230477,90,0.9,singer
0.13191976131518,90,0.9,sinu
0.082612104061717,100,0.1,bernoulli
0.087510578433628,100,0.1,chebyshev
0.081893999980422,100,0.1,circle
0.10903704628936,100,0.1,gauss
0.090410569485168,100,0.1,logistic
0.19928608249842,100,0.1,sine
0.13136185166021,100,0.1,singer
1.1413517860202,100,0.1,sinu
0.086900491989271,100,0.2,bernoulli
0.10067847281172,100,0.2,chebyshev
0.097697702361902,100,0.2,circle
0.095454669450155,100,0.2,gauss
0.10736409716587,100,0.2,logistic
0.10008653653712,100,0.2,sine
0.097766545601586,100,0.2,singer
0.099406701643682,100,0.2,sinu
0.1171583972812,100,0.3,bernoulli
0.10670879344203,100,0.3,chebyshev
0.10466191969215,100,0.3,circle
0.12810454319231,100,0.3,gauss
0.10441950815631,100,0.3,logistic
0.10958042027393,100,0.3,sine
0.10931148279727,100,0.3,singer
0.10858512112225,100,0.3,sinu
0.10966869479098,100,0.4,bernoulli
0.10573561458914,100,0.4,chebyshev
0.11227962579761,100,0.4,circle
0.1081637058302,100,0.4,gauss
0.099042765668054,100,0.4,logistic
0.11228839362423,100,0.4,sine
0.1210257571443,100,0.4,singer
0.10899580359862,100,0.4,sinu
0.11582995897162,100,0.5,bernoulli
0.11711157389004,100,0.5,chebyshev
0.10197019230912,100,0.5,circle
0.0991083355891,100,0.5,gauss
0.097357195634242,100,0.5,logistic
0.096398842881926,100,0.5,sine
0.12718307152443,100,0.5,singer
0.10602114855506,100,0.5,sinu
0.10351253267995,100,0.6,bernoulli
0.12576235431043,100,0.6,chebyshev
0.11673690962607,100,0.6,circle
0.10618890017915,100,0.6,gauss
0.10617918445341,100,0.6,logistic
0.1139564204046,100,0.6,sine
0.1239333036806,100,0.6,singer
0.12787839000085,100,0.6,sinu
0.087501761863441,100,0.7,bernoulli
0.12201570356536,100,0.7,chebyshev
0.10314981314059,100,0.7,circle
0.11705827381895,100,0.7,gauss
0.11756048933747,100,0.7,logistic
0.11110386649612,100,0.7,sine
0.10390735530659,100,0.7,singer
0.12536770699238,100,0.7,sinu
0.10899619363108,100,0.8,bernoulli
0.1166736022111,100,0.8,chebyshev
0.11930504987976,100,0.8,circle
0.098902621134289,100,0.8,gauss
0.097045485786588,100,0.8,logistic
0.10252985623285,100,0.8,sine
0.12065821811945,100,0.8,singer
0.11807885424034,100,0.8,sinu
0.099680657407092,100,0.9,bernoulli
0.13120202401964,100,0.9,chebyshev
0.10873892806441,100,0.9,circle
0.09545388381343,100,0.9,gauss
0.13222641286933,100,0.9,logistic
0.11624098399421,100,0.9,sine
0.1119907717731,100,0.9,singer
0.1280007329816,100,0.9,sinu
