993,59224275002;6976,40775725
9,4550705707734;7971,4550705708
12,882694755467;7922,1173052445
4,1452231392859;7809,1452231393
3,7676843693071;7761,7676843693
2,3616900092384;7645,3616900092
1,3973857981564;7533,3973857982
35,063887786963;7486,063887787
22,496262361943;7426,5037376381
34,846093484524;7461,8460934845
371,34102677055;7034,6589732294
31,296947461626;7396,2969474616
547,90922161116;6802,0907783888
1,6423872210198;7304,642387221
0,52379496367394;7251,4762050363
423,35088;6821,64912
309,33741361479;6856,6625863852
1,8160713444604;7120,8160713445
645,28048;6465,71952
9,6838091304908;7034,3161908695
1473,3956897678;5566,6043102322
3,0077280888663;7031,0077280889
33,42639783897;6975,426397839
71,737214711543;6742,2627852885
120,40164964997;6688,59835035
1,095105243101;6800,9048947569
3311,9016758035;3475,0983241965
74,012399423018;6689,987600577
1,0296026089718;6762,029602609
62,0913157404;6662,9086842596
0,33602891157079;6689,6639710884
44,214220627626;6555,7857793724
2,9977972289234;6476,9977972289
1,0172188968536;6431,9827811031
1030,1712287932;5385,8287712068
16,390081096484;6395,6099189035
12,1924;6387,8076
2271,6046033479;4088,3953966521
0,85598985411343;6337,8559898541
1,4502183262803;6238,5497816737
2950,938373948;3281,061626052
9,7213777996812;6182,7213777997
0,86453991706458;6160,8645399171
1,2059365654404;6115,7940634346
889,63101540895;5172,368984591
27,295408664395;6078,2954086644
10,775860884101;6037,2241391159
67,384670371571;5967,6153296284
3,494521194807;6020,5054788052
9,6081976070336;6013,391802393
7,7710887545672;5985,2289112454
34,378948268226;5950,6210517318
1,2110000000011;5972,211
7,6004384883736;5954,3995615116
54,085572872948;5998,0855728729
36,646236321109;5976,6462363211
15,851265541517;5911,1487344585
10,12373134372;5874,8762686563
15,383202547443;5866,6167974526
1479,7269921417;4400,2730078583
2,2069302038217;5877,7930697962
3,6225612528506;5879,6225612529
4,1807839493576;5868,8192160506
22,494126302092;5842,5058736979
16,044436072511;5846,9555639275
107,76734613308;5963,7673461331
4,8484239207992;5804,8484239208
135,6133729349;5926,6133729349
52,603798374;5729,396201626
9,3863155670379;5787,386315567
9,0861091469023;5784,0861091469
=== Fixed Pbest
800.89736,7169.10264
2.3560693864938,7964.3560693865
149.47697420837,7785.5230257916
6.0477122281172,7798.9522877719
10.718153011681,7768.7181530117
2.2886888278963,7640.7113111721
0.87917388625647,7531.1208261137
9.9191874864364,7441.0808125136
9.7708786810126,7439.229121319
1.8332810344527,7428.8332810345
137.81381003695,7268.1861899631
3.4773752424571,7361.5226247575
26.785981821736,7323.2140181783
5.4777598623778,7297.5222401376
1.2494500000012,7250.75055
531.73132825373,6713.2686717463
9.3124525108278,7156.6875474892
14.893391639276,7133.8933916393
323.2216,6787.7784
3.2094874742488,7040.7905125258
936.18822,6103.81178
68.897310552969,6959.102689447
0.31289022534384,6941.6871097747
23.236099070998,6837.236099071
65.973774680364,6743.0262253196
0.30347999999958,6802.30348
3050.78284,3736.21716
0.032600266208647,6764.0326002662
1.418397079342,6759.5816029207
58.075967662775,6783.0759676628
0.36340691744135,6689.6365930826
35.974599741832,6564.0254002582
4.3976820957505,6478.3976820958
2.4174160995281,6435.4174160995
990.72872,5425.27128
2.981519126095,6409.0184808739
14.202800000001,6414.2028
2021.41436,4338.58564
3.0428000000011,6340.0428
3.2209769504252,6236.7790230496
2904.8008,3327.1992
19.192842359631,6153.8071576404
0.41181444651193,6159.5881855535
1.2893498300136,6115.71065017
801.05,5260.95
125.82521595712,5925.1747840429
33.142460574257,6014.8575394257
5.5561874952564,6029.4438125047
133.97768943175,5890.0223105683
21.693752018371,6044.6937520184
6.7014419002535,5999.7014419003
7.5444591374153,5992.5444591374
1.8947920939736,5972.894792094
11.760266206749,5950.2397337933
20.915269233989,5964.915269234
80.837853774124,6020.8378537741
5.4689568951089,5932.4689568951
0.94554602633434,5884.0544539737
37.81123435561,5844.1887656444
1119.29088,4760.70912
5.1364321052379,5885.1364321052
1.4118399999998,5877.41184
75.245576219325,5797.7544237807
35.868227374673,5829.1317726253
32.560769505681,5895.5607695057
26.552975847098,5882.5529758471
42.661940945182,5757.3380590548
9.5478185325646,5781.4521814674
37.552191412954,5744.447808587
29.011487019004,5807.011487019
49.848441266451,5725.1515587335
