1026,7351163315;6943,2648836685
19,542360000001;7981,54236
83,863424045507;7851,1365759545
163,55737986562;7641,4426201344
56,804002742247;7701,1959972578
0,85267131852015;7643,8526713185
0,33279999999831;7532,3328
29,352264006403;7421,6477359936
21,631675845416;7470,6316758454
8,3890839493961;7418,6109160506
12,744492515723;7418,7444925157
272,57825392489;7092,4217460751
120,92466919486;7229,0753308051
20,045283929664;7282,9547160703
3,9541000000008;7248,0459
903,99936;6341,00064
9,0650879632685;7175,0650879633
32,867139843841;7086,1328601562
484,82512;6626,17488
7,6350000000002;7036,365
1001,4406186689;6038,5593813311
7,1696826908592;7020,8303173091
2,5201628467012;6939,4798371533
392,00010239694;6421,9998976031
187,56128;6621,43872
4,9328408536785;6797,0671591463
3087,61912;3699,38088
56,784742578811;6707,2152574212
3,2469999999994;6764,247
154,7975;6570,2025
0,23140899996179;6689,768591
88,77344108987;6511,2265589101
3,2119536033952;6477,2119536034
0,97568094007966;6432,0243190599
1021,8777484735;5394,1222515265
2,9392326256348;6414,9392326256
7,2767745801539;6407,2767745802
2076,9114672256;4283,0885327744
2,853141808725;6334,1468581913
6,4247210242729;6246,4247210243
3052,0805809464;3179,9194190536
196,0336;5976,9664
1,0331980229112;6158,9668019771
4,1574220993461;6121,1574220993
1011,556404875;5050,443595125
6,9952106640076;6057,995210664
1,5398568579521;6046,460143142
6,9517227417409;6041,9517227417
3,687552031326;6027,6875520313
0,055442987593779;6023,0554429876
9,3843485944763;6002,3843485945
19,040232248029;6004,040232248
1,2356863541827;5969,7643136458
3,623752061063;5958,3762479389
30,624866890061;5913,3751331099
111,89670035423;6051,8967003542
14,63024;5941,63024
27,354187318552;5857,6458126814
24,316543247885;5906,3165432479
1324,4953764486;4555,5046235514
14,182062035072;5894,1820620351
6,5972611473098;5882,5972611473
88,045671462099;5784,9543285379
10,059401630174;5875,0594016302
1,7422584894066;5864,7422584894
113,89525651612;5969,8952565161
61,028504745351;5861,0285047454
39,52099949654;5830,5209994965
29,874336683171;5752,1256633168
1,788408371458;5779,7884083715
17,006658450445;5757,9933415496
=== Fixed Pbest
699.51776,7270.48224
0.52842000000055,7962.52842
3.2084184829455,7938.2084184829
5.2369728823451,7810.2369728823
14.42002543805,7772.4200254381
47.364201572482,7690.3642015725
10.1962878584,7521.8037121416
9.1664000000019,7460.1664
4.6359607475633,7444.3640392524
5.5318859204699,7432.5318859205
163.28550546791,7242.7144945321
45.559899999999,7319.4401
8.8484999999991,7341.1515
12.181741072514,7290.8182589275
1.7071937376986,7253.7071937377
473.7264,6771.2736
50.716048091252,7115.2839519087
7.0689603897717,7111.9310396102
369.00448,6741.99552
3.8919843457425,7040.1080156543
991.64632,6048.35368
5.399578627037,7022.600421373
33.558783356581,6975.5587833566
155.66888852959,6658.3311114704
0.15427860031377,6809.1542786003
1.590096807201,6803.5900968072
3013.867,3773.133
8.550400000001,6772.5504
8.1712311338097,6769.1712311338
82.173500000001,6642.8265
8.0749441743046,6698.0749441743
1.2197477333229,6598.7802522667
9.1235518126523,6483.1235518127
0.62991151942697,6433.6299115194
977.66528,5438.33472
10.692484283129,6422.6924842831
9.6906541148564,6409.6906541149
1963.57208,4396.42792
0.64939908339238,6337.6493990834
0.88035298213163,6239.1196470179
2829.6166,3402.3834
2.4843643386494,6175.4843643386
2.4261099597916,6157.5738900402
15.065699999999,6132.0657
829.967,5232.033
8.6192611193819,6059.6192611194
22.82063091284,6070.8206309128
11.786931915593,6023.2130680844
126.19880858125,5897.8011914188
5.1171709102082,6028.1171709102
3.1568254122103,5996.1568254122
13.146848681573,5998.1468486816
0.52100405213423,5971.5210040521
0.9024848825793,5962.9024848826
7.7166262857681,5936.2833737142
44.641675094445,5984.6416750944
10.501380584476,5916.4986194155
10.800852873325,5874.1991471267
36.878175911332,5845.1218240887
1196.1700266335,4683.8299733665
0.21256106503188,5879.787438935
2.14912,5878.14912
12.943294256349,5885.9432942563
90.685877478708,5955.6858774787
7.1367298046334,5855.8632701954
24.615753983227,5831.3842460168
2.8800404353015,5797.1199595647
20.982597446553,5811.9825974466
33.124177309546,5815.1241773095
10.632550388829,5788.6325503888
7.2602360373457,5767.7397639627
