730.76820288096
346.0227213225
183.31857774159
109.13950415648
72.217061685861
51.52027637706
37.709130167647
28.405218847022
20.214539234505
18.412035681856
16.167352422447
10.829582412793
15.307742141481
11.341256742411
15.087033350144
12.868873468856
11.844042643836
12.523866058005
12.74094565046
11.423049813655
13.731936210328
12.529848561526
10.203717079795
13.612125052127
10.546008207023
12.186888625883
11.16338902278
14.369695258796
11.273332361173
7.8630125294095
14.399651733009
15.532690246262
11.463840432473
11.733069333515
12.70040713275
13.111623881974
10.349682931011
11.03517888494
12.941031777586
13.017505849294
