838,74055859801;7131,259441402
2,1216125384753;7964,1216125385
6,0823561446796;7941,0823561447
46,263243992326;7758,7367560077
127,64062280525;7630,3593771948
7,9254970006568;7635,0745029993
4,3597600000003;7536,35976
0,32287482926131;7451,3228748293
6,7134511361492;7455,7134511361
1,1070345072694;7428,1070345073
11,520604383801;7417,5206043838
93,81552981653;7271,1844701835
27,316499999998;7322,6835
12,965084842159;7290,0349151578
7,0406575653196;7259,0406575653
483,34224;6761,65776
38,568294811916;7127,4317051881
7,4322625021168;7126,4322625021
334,7032;6776,2968
68,973;7112,973
864,9738;6175,0262
9,6065738544103;7037,6065738544
0,35652751343241;6941,6434724866
28,323643960419;6842,3236439604
6,7989420683425;6815,7989420683
0,0023033731595206;6801,9976966268
3014,18524;3772,81476
86,292655042967;6850,292655043
13,731496256319;6747,2685037437
42,094369343332;6767,0943693433
4,4034262496571;6685,5965737503
32,72726683691;6632,7272668369
7,8715200000006;6481,87152
4,336992473578;6428,6630075264
1010,44712;5405,55288
3,934407658513;6415,9344076585
2,5380546052274;6402,5380546052
1919,41292;4440,58708
10,388799999999;6326,6112
0,30969216702397;6239,690307833
2861,59972;3370,40028
133,70001342652;6039,2999865735
3,6319999999996;6163,632
16,371863034969;6133,371863035
872,8565;5189,1435
30,859555726151;6081,8595557262
0,49717210426843;6047,5028278957
8,6466808124906;6026,3533191875
2,6349464213254;6021,3650535787
17,320584692415;6005,6794153076
1,584269078091;5994,5842690781
16,687973361672;6001,6879733617
3,7777661780192;5967,222233822
13,256449531025;5948,743550469
2,8855800632282;5941,1144199368
12,568978167799;5927,4310218322
3,0819382700956;5930,0819382701
3,3813071724053;5888,3813071724
21,05172092138;5860,9482790786
1111,9584;4768,0416
3,3196000000007;5883,3196
4,1958426324072;5880,1958426324
1,6026463793642;5874,6026463794
26,187946423684;5838,8120535763
14,796143980922;5848,2038560191
36,607959387507;5819,3920406125
4,95826597831;5795,0417340217
17,060062200924;5808,0600622009
5,7483114050847;5787,7483114051
0,11731783686082;5777,8826821631
21,533886265604;5796,5338862656
===== fixed Pbest

678.28928,7291.71072
20.985470055072,7982.9854700551
174.69223062374,7760.3077693763
0.45644711978548,7805.4564471198
84.740528442817,7673.2594715572
8.7398182764473,7651.7398182764
8.6558121293019,7540.6558121293
2.9452013992659,7453.9452013993
6.6284233324504,7455.6284233325
10.863245761383,7437.8632457614
103.12832,7302.87168
35.422799999998,7329.5772
28.045499999998,7321.9545
4.4793387020245,7298.520661298
11.50824580651,7263.5082458065
499.56,6745.44
10.403243020224,7176.4032430202
60.59727848565,7058.4027215143
482.95936,6628.04064
9.6634878403347,7053.6634878403
840.92468,6199.07532
2.6862509992516,7025.3137490007
3.5078489874249,6945.5078489874
43.061095000001,6770.938905
81.357238905152,6890.3572389052
4.7787823621675,6797.2212176378
3007.18396,3779.81604
1.2918821943931,6765.2918821944
3.0890007057351,6757.9109992943
51.615985289302,6673.3840147107
14.167259999999,6704.16726
1.9060799999997,6601.90608
18.418319999999,6492.41832
0.88181687514043,6432.1181831249
1064.17976,5351.82024
34.034175119054,6446.0341751191
6.3586422261578,6406.3586422262
1894.63818,4465.36182
7.8126452342249,6344.8126452342
21.117312859815,6218.8826871402
2865.10036,3366.89964
10.821999674556,6162.1780003254
2.8626571021559,6162.8626571022
0.32999999999993,6116.67
862.6505,5199.3495
7.7708709768976,6058.7708709769
0.37495597860288,6048.3749559786
17.057218054647,6017.9427819454
24.634879031066,5999.3651209689
12.497521033456,6035.4975210335
43.041434676759,5949.9585653232
4.5209218013697,5989.5209218014
6.0790000000006,5964.921
4.0363746838757,5957.9636253161
4.872132658511,5939.1278673415
19.785893177478,5959.7858931775
4.4548933318074,5922.5451066682
3.6079413811867,5888.6079413812
1.6833494651137,5880.3166505349
1058.21904,4821.78096
2.7086340926235,5882.7086340926
3.5811535309022,5879.5811535309
2.5768994885966,5875.5768994886
20.553234795587,5844.4467652044
2.1727878236852,5860.8272121763
13.655356167093,5869.6553561671
11.257142745939,5811.2571427459
63.052841047278,5727.9471589527
8.7105205640419,5790.710520564
9.7311526116773,5768.2688473883
29.149071153302,5745.8509288467
