5587,5248560992;2382,4751439008
7958,21598;3,7840200000001
7029,6131567293;905,38684327068
7148,4076129906;656,59238700943
6928,4528595326;829,54714046737
7643,8505560737;0,85055607367576
7526,5989226168;5,4010773831642
6978,5267022981;472,47329770194
7452,5317362194;3,5317362194273
7411,201;15,799000000001
6269,8362961661;1136,1637038339
5777,4823319295;1587,5176680705
6177,212703987;1172,787296013
7345,0959848916;42,095984891613
7222,5871208802;29,412879119785
5616,343374609;1628,656625391
5889,6273737028;1276,3726262972
6801,1189502681;317,88104973186
5767,5001030148;1343,4998969852
7042,0946800488;1,9053199512282
4683,6182388761;2356,3817611239
7063,0846011205;35,084601120494
6849,2214853475;92,778514652457
5628,4002041157;1185,5997958843
5876,1948867649;932,80511323506
6812,1309785688;10,130978568835
3141,1292619625;3645,8707380375
6391,4750816952;372,52491830482
6756,666;4,3339999999998
6209,8163676974;515,18363230264
6690,66552;0,66552000000047
6600,0786463465;0,078646346548339
6469,5858649487;4,414135051311
6439,6701211903;6,6701211903473
4506,0956757749;1909,9043242251
6411,3931471258;0,60685287416709
6102,8593836056;297,14061639445
3639,8934109433;2720,1065890567
6336,3787530886;0,62124691139252
6229,90656;10,09344
2866,8103235995;3365,1896764005
5852,7646577038;320,23534229619
6161,424;1,4240000000009
6170,3469;53,3469
4189,8745327084;1872,1254672916
6112,3570741326;61,35707413255
6048,0878772921;0,087877292132362
6024,4973615708;10,502638429214
5096,7016888356;927,29831116435
6021,5826678732;1,4173321267635
6165,4741772034;172,47417720337
5982,8994063361;2,1005936638758
5958,603;12,397000000001
5960,9844;1,0155999999988
5942,5151529377;1,4848470623401
6112,6542451282;172,65424512823
5925,9585031127;1,0414968872938
5886,1108806004;1,1108806004077
6382,4040361182;500,40403611823
3952,0040340506;1927,9959659494
5878,8146660558;1,1853339442232
5880,91392;4,9139199999991
5531,3951527977;341,60484720228
5941,6184928357;76,618492835732
6052,4731511263;189,4731511263
5870,7278865522;14,727886552182
6268,9348593961;468,93485939613
5908,9822512609;117,98225126086
5840,7160782288;58,716078228776
5781,1186147217;3,1186147217268
5756,4342326943;18,565767305665
===Fixed Pbest
61.014033750081,7908.9859662499
2.4118799999997,7959.58812
1.2865924575526,7936.2865924576
7.0023073980237,7797.997692602
56.046776321565,7814.0467763216
19.400777851871,7662.4007778519
0.90807999999834,7532.90808
9.6528209092949,7460.6528209093
6.2019131650286,7455.201913165
0.74940299927039,7427.7494029993
2.2868321097258,7403.7131678903
3.7051516497049,7368.7051516497
35.898170120387,7385.8981701204
31.9900568693,7334.9900568693
13.108299999998,7238.8917
1.5029863836317,7246.5029863836
16.937573397728,7149.0624266023
20.0710981634,7139.0710981634
0.58793082202465,7110.412069178
52.271438087129,6991.7285619129
1.2318860685536,7038.7681139314
8.6230730822299,7036.6230730822
2.2446125589422,6944.2446125589
12.952253823845,6826.9522538238
7.6093203170203,6816.609320317
1.0639600000004,6803.06396
19.482498580267,6767.5175014197
0.64887458011435,6763.3511254199
17.212,6778.212
9.2912882849259,6715.7087117151
1.2213173784176,6691.2213173784
1.4359579190295,6598.564042081
0.94190602643357,6474.9419060264
1.2340000000004,6431.766
4.6744533135152,6411.3255466865
14.775267881863,6397.2247321181
4.6336873308355,6395.3663126692
0.13040924902725,6359.869590751
20.5694,6357.5694
2.3524800000005,6242.35248
0.031936243541168,6231.9680637565
2.0154772365113,6175.0154772365
0.32000000000062,6160.32
0.91830000000027,6117.9183
1.4260692841908,6060.5739307158
5.9705674249526,6056.970567425
5.8924087849591,6042.107591215
1.9976853499984,6033.00231465
4.7402090818687,6028.7402090819
3.6309630368551,6026.6309630369
6.428278065895,5986.5717219341
3.7660194746659,5988.7660194747
4.0831434402526,5966.9168565597
22.526239999999,5984.52624
40.670951922009,5984.670951922
9.1686884999217,5930.8313115001
40.918960816163,5886.0810391838
2.3279827577262,5887.3279827577
6.4321842890495,5888.432184289
0.57866643436228,5879.4213335656
12.000120000001,5892.00012
0.18802699887328,5875.8119730011
13.966175670422,5886.9661756704
19.11802761804,5884.118027618
60.262277057123,5923.2622770571
0.16440993276046,5855.8355900672
11.558395766635,5811.5583957666
11.505403753238,5802.5054037532
1.6092344731715,5780.3907655268
0.10167295157044,5778.1016729516
2.667412867987,5772.332587132