1206,27968;6763,72032
1,6543323227306;7960,3456676773
145,97671744243;7789,0232825576
167,96759387289;7637,0324061271
93,798;7664,202
60,083865404009;7582,916134596
0,98713381594916;7532,9871338159
10,827693449317;7440,1723065507
3,8523408882811;7445,1476591117
1,7199607320345;7428,719960732
56,91488;7349,08512
419,21962896263;6945,7803710374
650,15659744789;6699,8434025521
17,612044048818;7285,3879559512
0,53120003336153;7251,4687999666
937,63016825679;6307,3698317432
630,34591186183;6535,6540881382
54,704437097788;7064,2955629022
859,9864;6251,0136
2,7310756422321;7041,2689243578
1541,5268609843;5498,4731390157
33,271404949181;7061,2714049492
47,025611317969;6989,025611318
172,70699814089;6641,2930018591
61,815406328909;6747,1845936711
5,72569055854;6796,2743094415
3376,89928;3410,10072
17,041943465078;6746,9580565349
11,227000000001;6772,227
2,1128975064685;6722,8871024935
0,87904257501395;6689,120957425
10,700867681926;6589,2991323181
15,934161228728;6458,0658387713
0,43822255342275;6433,4382225534
1500,5015232268;4915,4984767732
104,03448681331;6307,9655131867
154,4896;6245,5104
2299,7890212689;4060,2109787311
8,2887759740388;6328,711224026
1,9665599999998;6241,96656
2854,83712;3377,16288
9,5813956939046;6182,5813956939
0,70882170575896;6159,2911782942
2,3901649853078;6119,3901649853
1232,9024443505;4829,0975556495
33,106268519188;6084,1062685192
15,231725586176;6063,2317255862
137,4272939485;6172,4272939485
9,7377105984533;6033,7377105985
91,618910711041;6114,618910711
94,740829793537;6087,7408297935
1,8750619868979;5986,8750619869
3,7625000000007;5974,7625
27,561199999999;5989,5612
31,153143761668;5975,1531437617
8,8754490893089;5948,8754490893
17,513353057363;5944,5133530574
12,22411837284;5897,2241183728
43,285850501243;5925,2858505012
1172,2144312728;4707,7855687272
5,9364254611783;5874,0635745388
0,61568000000079;5875,38432
112,28076125213;5760,7192387479
26,459551987926;5891,4595519879
109,61965449428;5972,6196544943
20,778758224847;5876,7787582248
33,523122162449;5766,4768778376
41,111398740521;5832,1113987405
83,659286486547;5865,6592864865
177,12884679886;5600,8711532011
21,007237274052;5753,9927627259
====fixed Pbest
7773.5462198729,196.45378012705
7962.92046,0.92046000000028
7968.3997405354,33.399740535356
7639.0943431059,165.90565689411
7757.8293637328,0.1706362671639
7637.9120409441,5.0879590559443
7518.0804665538,13.919533446231
7449.9536937774,1.0463062226381
7448.0039328916,0.99606710838634
7422.4514,4.5486000000001
7401.4273306371,4.5726693629422
7280.2726310782,84.727368921787
7325.6959957685,24.304004231495
7318.5141841546,15.514184154615
7252.6060147311,0.60601473106726
7254.6367296486,9.6367296485569
7175.1330668927,9.1330668927458
7059.5118434993,59.488156500691
7107.2987083985,3.7012916015019
7042.7384809597,1.2615190403103
7056.6706187271,16.67061872713
6975.241179235,52.758820765041
6942.6418393664,0.64183936642075
6674.6044446587,139.39555534132
6803.9782705644,5.0217294355962
6805.5483724241,3.5483724240567
6787.1827516163,0.18275161628662
6693.8419453266,70.158054673438
6756.8316725978,4.1683274022453
6723.3967198086,1.6032801914425
6693.10026,3.1002600000002
6526.734498148,73.265501851974
6475.8124462303,1.8124462302803
6433.3130345288,0.31303452884094
6258.5145898132,157.48541018681
6412.9839445104,0.9839445104235
6400.1246824252,0.12468242520663
6344.4901982833,15.509801716667
6337.2529166045,0.25291660445146
6243.12432,3.124319999999
6033.9589078242,198.04109217585
6173.3268583015,0.32685830148785
6158.6592389955,1.3407610044596
6122.9999069624,5.9999069624064
6063.5996307126,1.5996307126024
6042.7523106086,8.2476893914372
6044.4023306847,3.5976693153389
6021.1136010802,13.88639891979
6017.643787661,6.356212339032
6083.5581339955,60.558133995474
5986.7240737522,6.2759262477994
6001.9306867053,16.930686705324
5976.3171088111,5.317108811063
5960.8168029909,1.1831970091152
5974.3297951658,30.329795165835
5839.4454184881,100.55458151192
5930.9401023746,3.9401023746259
5886.8834573159,1.8834573158583
5881.6104392516,0.38956074842463
5883.8032938966,3.8032938965844
5884.2737871943,4.2737871943291
5876.3409083047,0.34090830471359
5868.864781687,4.1352183129848
5868.5599258477,3.5599258476932
5838.5553149843,24.444685015708
5708.9420397418,147.05796025821
5796.7895678587,3.2104321412871
5877.2189704073,86.218970407268
5641.9819239818,140.01807601823
5779.5181077784,1.5181077784327
5767.9452416893,7.0547583107009
