1,523.57021470413
2,256.06782098474
3,250.54110054465
4,213.74818120746
5,219.72466623322
6,217.12528272659
7,213.62552469896
8,218.93613002343
9,216.69747766343
10,213.68883939301
11,206.52074814001
12,207.54606743595
13,207.20981128351
14,207.88189153427
15,202.93750786578
16,203.21430139456
17,206.12462788156
18,206.03013208685
19,204.80993798164
20,204.77891998897
21,204.87544750507
22,207.4348440972
23,206.08761044454
24,207.82266300276
25,201.47897082305
26,205.36957877522
27,204.91611054175
28,204.37438581325
29,206.56545341986
30,205.24871302151
31,203.23998834764
32,203.49403535985
33,204.88326780071
34,202.40753895382
35,204.01756579515
36,203.38597604687
37,204.41743055258
38,204.07620292858
39,201.61122922949
40,203.61718045899
=== Fixed Pbest
522.37120683134
238.76173591747
125.03908121662
86.54384442652
76.01138758012
78.83235106987
79.779101097343
82.555757079809
83.06470023001
82.27339407835
82.886250614853
85.067155896147
84.506534294629
84.98518785119
86.134450682509
85.059342935374
88.918474793646
87.307043020669
88.871558802307
89.621002328526
86.235821993974
87.195176711996
86.289542949592
